  box 4 15  5 0  2 1 1 1
   1
    box 4 15  4 0  1 1 1 1
     (-5+dim)*u^(-1)
    boxx1234 2 5  2 0  1 0 1 0
     4*(6*u^3+6*u*t^2-(u^3+u*t^2+2*u^2*t)*dim+12*u^2*t)^(-1)*(15+dim^2-8*dim)
;
  box 4 15  5 0  1 2 1 1
   1
    box 4 15  4 0  1 1 1 1
     -(-5+dim)*(u+t)^(-1)
    box 2 5  2 0  1 0 1 0
     -4*(15+dim^2-8*dim)*(6*u^3-(u^3+u^2*t)*dim+6*u^2*t)^(-1)
;
  box 4 15  5 0  1 1 2 1
   1
    box 4 15  4 0  1 1 1 1
     (-5+dim)*u^(-1)
    boxx1234 2 5  2 0  1 0 1 0
     4*(6*u^3+6*u*t^2-(u^3+u*t^2+2*u^2*t)*dim+12*u^2*t)^(-1)*(15+dim^2-8*dim)
;
  box 4 15  5 0  1 1 1 2
   1
    box 4 15  4 0  1 1 1 1
     -(-5+dim)*(u+t)^(-1)
    box 2 5  2 0  1 0 1 0
     -4*(15+dim^2-8*dim)*(6*u^3-(u^3+u^2*t)*dim+6*u^2*t)^(-1)
;
  box 4 15  6 0  2 1 2 1
   1
    box 4 15  5 0  1 1 1 2
     -u^(-1)
    box 4 15  5 0  1 1 2 1
     -u^(-1)
    box 4 15  5 0  1 2 1 1
     -u^(-1)
    box 4 15  5 0  2 1 1 1
     (-7+dim)*u^(-1)
;
  box 4 15  6 0  2 1 2 1
   1
    box 4 15  6 0  2 2 1 1
     (u+t)*u^(-1)
    box 4 15  5 0  1 1 1 2
     -u^(-1)
    box 4 15  5 0  1 1 2 1
     -u^(-1)
    box 4 15  5 0  1 2 1 1
     -u^(-1)
    box 4 15  5 0  2 1 1 1
     -u^(-1)
    box 3 7  5 0  2 1 2 0
     u^(-1)
    box 3 7  5 0  2 2 1 0
     u^(-1)
    box 3 7  5 0  3 1 1 0
     2*u^(-1)
;
  box 4 15  6 0  2 1 1 2
   1
    box 4 15  6 0  3 1 1 1
     2*(u+t)^(-1)*u
    boxx1234 3 7  5 0  1 2 2 0
     -(u+t)^(-1)
    boxx1234 3 7  5 0  1 3 1 0
     -2*(u+t)^(-1)
    boxx1234 3 7  5 0  2 2 1 0
     -(u+t)^(-1)
    box 3 7  5 0  2 1 2 0
     (u+t)^(-1)
    box 3 7  5 0  2 2 1 0
     (u+t)^(-1)
    box 3 7  5 0  3 1 1 0
     2*(u+t)^(-1)
;
  box 4 15  6 0  2 1 1 2
   1
    box 4 15  6 0  2 1 2 1
     (u+t)^(-1)*u
    box 4 15  5 0  1 1 1 2
     -(u+t)^(-1)
    box 4 15  5 0  1 1 2 1
     -(u+t)^(-1)
    box 4 15  5 0  1 2 1 1
     -(u+t)^(-1)
    box 4 15  5 0  2 1 1 1
     -(u+t)^(-1)
    box 3 7  5 0  2 1 2 0
     (u+t)^(-1)
    box 3 7  5 0  2 2 1 0
     (u+t)^(-1)
    box 3 7  5 0  3 1 1 0
     2*(u+t)^(-1)
;
  box 4 15  6 0  1 2 2 1
   1
    box 4 15  5 0  1 2 1 1
     (-6+dim)*u^(-1)
    boxx1234 3 7  5 0  1 1 3 0
     -2*u^(-1)
    boxx1234 3 7  5 0  1 2 2 0
     -u^(-1)
    boxx1234 3 7  5 0  2 1 2 0
     -u^(-1)
;
  box 4 15  6 0  1 2 2 1
   1
    box 4 15  6 0  1 3 1 1
     2*(u+t)*u^(-1)
    boxx1234 3 7  5 0  1 1 3 0
     -2*u^(-1)
    boxx1234 3 7  5 0  1 2 2 0
     -u^(-1)
    boxx1234 3 7  5 0  2 1 2 0
     -u^(-1)
    box 3 7  5 0  1 2 2 0
     u^(-1)
    box 3 7  5 0  1 3 1 0
     2*u^(-1)
    box 3 7  5 0  2 2 1 0
     u^(-1)
;
  box 4 15  6 0  1 2 1 2
   1
    box 4 15  6 0  2 2 1 1
     (u+t)^(-1)*u
    box 4 15  5 0  1 1 1 2
     (u+t)^(-1)
    box 4 15  5 0  1 1 2 1
     (u+t)^(-1)
    box 4 15  5 0  1 2 1 1
     (u+t)^(-1)
    box 4 15  5 0  2 1 1 1
     (u+t)^(-1)
    boxx1234 3 7  5 0  1 1 3 0
     -2*(u+t)^(-1)
    boxx1234 3 7  5 0  1 2 2 0
     -(u+t)^(-1)
    boxx1234 3 7  5 0  2 1 2 0
     -(u+t)^(-1)
;
  box 4 15  6 0  1 2 1 2
   1
    box 4 15  6 0  1 2 2 1
     (u+t)^(-1)*u
    box 4 15  5 0  1 1 1 2
     (u+t)^(-1)
    box 4 15  5 0  1 1 2 1
     (u+t)^(-1)
    box 4 15  5 0  1 2 1 1
     (u+t)^(-1)
    box 4 15  5 0  2 1 1 1
     (u+t)^(-1)
    boxx1234 3 7  5 0  1 1 3 0
     -2*(u+t)^(-1)
    boxx1234 3 7  5 0  1 2 2 0
     -(u+t)^(-1)
    boxx1234 3 7  5 0  2 1 2 0
     -(u+t)^(-1)
;
  box 4 15  6 0  1 1 3 1
   1
    box 4 15  5 0  1 1 2 1
     1/2*(-6+dim)*u^(-1)
    boxx1234 3 7  5 0  1 2 2 0
     -1/2*u^(-1)
    boxx1234 3 7  5 0  1 3 1 0
     -u^(-1)
    boxx1234 3 7  5 0  2 2 1 0
     -1/2*u^(-1)
;
  box 4 15  6 0  1 1 3 1
   1
    box 4 15  6 0  1 2 2 1
     1/2*(u+t)*u^(-1)
    boxx1234 3 7  5 0  1 2 2 0
     -1/2*u^(-1)
    boxx1234 3 7  5 0  1 3 1 0
     -u^(-1)
    boxx1234 3 7  5 0  2 2 1 0
     -1/2*u^(-1)
    box 3 7  5 0  1 1 3 0
     u^(-1)
    box 3 7  5 0  1 2 2 0
     1/2*u^(-1)
    box 3 7  5 0  2 1 2 0
     1/2*u^(-1)
;
  box 4 15  6 0  1 1 2 2
   1
    box 4 15  5 0  1 1 1 2
     (-6+dim)*u^(-1)
    boxx1234 3 7  5 0  2 1 2 0
     -u^(-1)
    boxx1234 3 7  5 0  2 2 1 0
     -u^(-1)
    boxx1234 3 7  5 0  3 1 1 0
     -2*u^(-1)
;
  box 4 15  6 0  1 1 2 2
   1
    box 4 15  6 0  2 1 2 1
     (u+t)^(-1)*u
    box 4 15  5 0  1 1 1 2
     -(u+t)^(-1)
    box 4 15  5 0  1 1 2 1
     -(u+t)^(-1)
    box 4 15  5 0  1 2 1 1
     -(u+t)^(-1)
    box 4 15  5 0  2 1 1 1
     -(u+t)^(-1)
    box 3 7  5 0  1 1 3 0
     2*(u+t)^(-1)
    box 3 7  5 0  1 2 2 0
     (u+t)^(-1)
    box 3 7  5 0  2 1 2 0
     (u+t)^(-1)
;
  box 4 15  6 0  1 1 2 2
   1
    box 4 15  6 0  1 2 1 2
     (u+t)*u^(-1)
    box 4 15  5 0  1 1 1 2
     u^(-1)
    box 4 15  5 0  1 1 2 1
     u^(-1)
    box 4 15  5 0  1 2 1 1
     u^(-1)
    box 4 15  5 0  2 1 1 1
     u^(-1)
    boxx1234 3 7  5 0  2 1 2 0
     -u^(-1)
    boxx1234 3 7  5 0  2 2 1 0
     -u^(-1)
    boxx1234 3 7  5 0  3 1 1 0
     -2*u^(-1)
;
  box 4 15  6 0  1 1 2 2
   1
    box 4 15  6 0  1 1 3 1
     2*(u+t)^(-1)*u
    boxx1234 3 7  5 0  1 2 2 0
     -(u+t)^(-1)
    boxx1234 3 7  5 0  1 3 1 0
     -2*(u+t)^(-1)
    boxx1234 3 7  5 0  2 2 1 0
     -(u+t)^(-1)
    box 3 7  5 0  1 1 3 0
     2*(u+t)^(-1)
    box 3 7  5 0  1 2 2 0
     (u+t)^(-1)
    box 3 7  5 0  2 1 2 0
     (u+t)^(-1)
;
  box 4 15  6 0  1 1 1 3
   1
    box 4 15  6 0  2 1 1 2
     1/2*(u+t)^(-1)*u
    boxx1234 3 7  5 0  2 1 2 0
     -1/2*(u+t)^(-1)
    boxx1234 3 7  5 0  2 2 1 0
     -1/2*(u+t)^(-1)
    boxx1234 3 7  5 0  3 1 1 0
     -(u+t)^(-1)
    box 3 7  5 0  1 2 2 0
     1/2*(u+t)^(-1)
    box 3 7  5 0  1 3 1 0
     (u+t)^(-1)
    box 3 7  5 0  2 2 1 0
     1/2*(u+t)^(-1)
;
  box 4 15  6 0  1 1 1 3
   1
    box 4 15  6 0  1 1 2 2
     1/2*(u+t)^(-1)*u
    boxx1234 3 7  5 0  2 1 2 0
     -1/2*(u+t)^(-1)
    boxx1234 3 7  5 0  2 2 1 0
     -1/2*(u+t)^(-1)
    boxx1234 3 7  5 0  3 1 1 0
     -(u+t)^(-1)
    box 3 7  5 0  1 2 2 0
     1/2*(u+t)^(-1)
    box 3 7  5 0  1 3 1 0
     (u+t)^(-1)
    box 3 7  5 0  2 2 1 0
     1/2*(u+t)^(-1)
;
