  box 2 5  2 1  1 -1 1 0
   1
    box 2 5  2 0  1 0 1 0
     1/2*u
;
  box 2 5  2 1  1 0 1 -1
   1
    box 2 5  2 0  1 0 1 0
     1/2*u
;
  box 2 5  2 2  1 -2 1 0
   1
    box 2 5  2 0  1 0 1 0
     -1/4*u^2*(-1+dim)^(-1)*dim
;
  box 2 5  2 2  1 -1 1 -1
   1
    box 2 5  2 0  1 0 1 0
     1/4*(-1+dim)^(-1)*(2*u*t+2*u^2-u^2*dim)
;
  box 2 5  2 2  1 0 1 -2
   1
    box 2 5  2 0  1 0 1 0
     -1/4*u^2*(-1+dim)^(-1)*dim
;
  box 2 5  2 3  1 -3 1 0
   1
    box 2 5  2 0  1 0 1 0
     1/8*(2*u^3+u^3*dim)*(-1+dim)^(-1)
;
  box 2 5  2 3  1 -2 1 -1
   1
    box 2 5  2 0  1 0 1 0
     -1/8*(2*u^3-u^3*dim+4*u^2*t)*(-1+dim)^(-1)
;
  box 2 5  2 3  1 -1 1 -2
   1
    box 2 5  2 0  1 0 1 0
     -1/8*(2*u^3-u^3*dim+4*u^2*t)*(-1+dim)^(-1)
;
  box 2 5  2 3  1 0 1 -3
   1
    box 2 5  2 0  1 0 1 0
     1/8*(2*u^3+u^3*dim)*(-1+dim)^(-1)
;
  box 2 5  2 4  1 -4 1 0
   1
    box 2 5  2 0  1 0 1 0
     -1/16*(-1+dim^2)^(-1)*(u^4*dim^2+6*u^4*dim+8*u^4)
;
  box 2 5  2 4  1 -3 1 -1
   1
    box 2 5  2 0  1 0 1 0
     -1/16*(-1+dim^2)^(-1)*(u^4*dim^2-12*u^3*t-6*u^3*t*dim-4*u^4)
;
  box 2 5  2 4  1 -2 1 -2
   1
    box 2 5  2 0  1 0 1 0
     -1/16*(-1+dim^2)^(-1)*(u^4*dim^2+8*u^2*t^2-2*(4*u^3*t+u^4)*dim)
;
  box 2 5  2 4  1 -1 1 -3
   1
    box 2 5  2 0  1 0 1 0
     -1/16*(-1+dim^2)^(-1)*(u^4*dim^2-12*u^3*t-6*u^3*t*dim-4*u^4)
;
  box 2 5  2 4  1 0 1 -4
   1
    box 2 5  2 0  1 0 1 0
     -1/16*(-1+dim^2)^(-1)*(u^4*dim^2+6*u^4*dim+8*u^4)
;
  box 2 5  3 0  2 0 1 0
   1
    box 2 5  2 0  1 0 1 0
     u^(-1)*(-3+dim)
;
  box 2 5  3 0  1 0 2 0
   1
    box 2 5  2 0  1 0 1 0
     u^(-1)*(-3+dim)
;
  box 2 5  3 1  2 -1 1 0
   1
    box 2 5  2 0  1 0 1 0
     1-1/2*dim
;
  box 2 5  3 1  2 0 1 -1
   1
    box 2 5  2 0  1 0 1 0
     1-1/2*dim
;
  box 2 5  3 1  1 -1 2 0
   1
    box 2 5  2 0  1 0 1 0
     1-1/2*dim
;
  box 2 5  3 1  1 0 2 -1
   1
    box 2 5  2 0  1 0 1 0
     1-1/2*dim
;
  box 2 5  3 2  2 -2 1 0
   1
    box 2 5  2 0  1 0 1 0
     1/4*u*dim
;
  box 2 5  3 2  2 -1 1 -1
   1
    box 2 5  2 0  1 0 1 0
     1/4*u*dim-1/2*u-1/2*t
;
  box 2 5  3 2  2 0 1 -2
   1
    box 2 5  2 0  1 0 1 0
     1/4*u*dim
;
  box 2 5  3 2  1 -2 2 0
   1
    box 2 5  2 0  1 0 1 0
     1/4*u*dim
;
  box 2 5  3 2  1 -1 2 -1
   1
    box 2 5  2 0  1 0 1 0
     1/4*u*dim-1/2*u-1/2*t
;
  box 2 5  3 2  1 0 2 -2
   1
    box 2 5  2 0  1 0 1 0
     1/4*u*dim
;
  box 2 5  3 3  2 -3 1 0
   1
    box 2 5  2 0  1 0 1 0
     -1/8*(u^2*dim^2+2*u^2*dim)*(-1+dim)^(-1)
;
  box 2 5  3 3  2 -2 1 -1
   1
    box 2 5  2 0  1 0 1 0
     1/8*(2*(2*u*t+u^2)*dim-u^2*dim^2)*(-1+dim)^(-1)
;
  box 2 5  3 3  2 -1 1 -2
   1
    box 2 5  2 0  1 0 1 0
     1/8*(2*(2*u*t+u^2)*dim-u^2*dim^2)*(-1+dim)^(-1)
;
  box 2 5  3 3  2 0 1 -3
   1
    box 2 5  2 0  1 0 1 0
     -1/8*(u^2*dim^2+2*u^2*dim)*(-1+dim)^(-1)
;
  box 2 5  3 3  1 -3 2 0
   1
    box 2 5  2 0  1 0 1 0
     -1/8*(u^2*dim^2+2*u^2*dim)*(-1+dim)^(-1)
;
  box 2 5  3 3  1 -2 2 -1
   1
    box 2 5  2 0  1 0 1 0
     1/8*(2*(2*u*t+u^2)*dim-u^2*dim^2)*(-1+dim)^(-1)
;
  box 2 5  3 3  1 -1 2 -2
   1
    box 2 5  2 0  1 0 1 0
     1/8*(2*(2*u*t+u^2)*dim-u^2*dim^2)*(-1+dim)^(-1)
;
  box 2 5  3 3  1 0 2 -3
   1
    box 2 5  2 0  1 0 1 0
     -1/8*(u^2*dim^2+2*u^2*dim)*(-1+dim)^(-1)
;
  box 2 5  3 4  2 -4 1 0
   1
    box 2 5  2 0  1 0 1 0
     1/16*(8*u^3+6*u^3*dim+u^3*dim^2)*(-1+dim)^(-1)
;
  box 2 5  3 4  2 -3 1 -1
   1
    box 2 5  2 0  1 0 1 0
     -1/16*(4*u^3+6*u^2*t*dim+12*u^2*t-u^3*dim^2)*(-1+dim)^(-1)
;
  box 2 5  3 4  2 -2 1 -2
   1
    box 2 5  2 0  1 0 1 0
     -1/16*(-1+dim)^(-1)*(2*(u^3+4*u^2*t)*dim-8*u*t^2-u^3*dim^2)
;
  box 2 5  3 4  2 -1 1 -3
   1
    box 2 5  2 0  1 0 1 0
     -1/16*(4*u^3+6*u^2*t*dim+12*u^2*t-u^3*dim^2)*(-1+dim)^(-1)
;
  box 2 5  3 4  2 0 1 -4
   1
    box 2 5  2 0  1 0 1 0
     1/16*(8*u^3+6*u^3*dim+u^3*dim^2)*(-1+dim)^(-1)
;
  box 2 5  3 4  1 -4 2 0
   1
    box 2 5  2 0  1 0 1 0
     1/16*(8*u^3+6*u^3*dim+u^3*dim^2)*(-1+dim)^(-1)
;
  box 2 5  3 4  1 -3 2 -1
   1
    box 2 5  2 0  1 0 1 0
     -1/16*(4*u^3+6*u^2*t*dim+12*u^2*t-u^3*dim^2)*(-1+dim)^(-1)
;
  box 2 5  3 4  1 -2 2 -2
   1
    box 2 5  2 0  1 0 1 0
     -1/16*(-1+dim)^(-1)*(2*(u^3+4*u^2*t)*dim-8*u*t^2-u^3*dim^2)
;
  box 2 5  3 4  1 -1 2 -3
   1
    box 2 5  2 0  1 0 1 0
     -1/16*(4*u^3+6*u^2*t*dim+12*u^2*t-u^3*dim^2)*(-1+dim)^(-1)
;
  box 2 5  3 4  1 0 2 -4
   1
    box 2 5  2 0  1 0 1 0
     1/16*(8*u^3+6*u^3*dim+u^3*dim^2)*(-1+dim)^(-1)
;
  box 2 5  3 5  1 -5 2 0
   1
    box 2 5  3 5  2 -5 1 0
     1
    box 2 5  2 0  1 0 1 0
     -1/16*(-1+dim^2)^(-1)*(12*u^4*dim^2+u^4*dim^3+44*u^4*dim+48*u^4)
;
  box 2 5  3 5  1 -4 2 -1
   1
    box 2 5  3 5  2 -4 1 -1
     1
    box 2 5  2 0  1 0 1 0
     1/16*(-1+dim^2)^(-1)*(4*(2*u^3*t-u^4)*dim^2-u^4*dim^3+4*(12*u^3*t+u^4)*dim+64*u^3*t+16*u^4)
;
  box 2 5  3 5  1 -3 2 -2
   1
    box 2 5  3 5  2 -3 1 -2
     1
    box 2 5  2 0  1 0 1 0
     -1/16*(-1+dim^2)^(-1)*(u^4*dim^3-12*u^3*t*dim^2+48*u^2*t^2-4*(6*u^3*t-6*u^2*t^2+u^4)*dim)
;
  box 2 5  3 5  1 -2 2 -3
   1
    box 2 5  3 5  2 -2 1 -3
     1
    box 2 5  2 0  1 0 1 0
     -1/16*(-1+dim^2)^(-1)*(u^4*dim^3-12*u^3*t*dim^2+48*u^2*t^2-4*(6*u^3*t-6*u^2*t^2+u^4)*dim)
;
  box 2 5  3 5  1 -1 2 -4
   1
    box 2 5  3 5  2 -1 1 -4
     1
    box 2 5  2 0  1 0 1 0
     1/16*(-1+dim^2)^(-1)*(4*(2*u^3*t-u^4)*dim^2-u^4*dim^3+4*(12*u^3*t+u^4)*dim+64*u^3*t+16*u^4)
;
  box 2 5  3 5  1 0 2 -5
   1
    box 2 5  3 5  2 0 1 -5
     1
    box 2 5  2 0  1 0 1 0
     -1/16*(-1+dim^2)^(-1)*(12*u^4*dim^2+u^4*dim^3+44*u^4*dim+48*u^4)
;
  box 2 5  4 0  3 0 1 0
   1
    box 2 5  2 0  1 0 1 0
     -1/2*u^(-2)*(12+dim^2-7*dim)
;
  box 2 5  4 0  2 0 2 0
   1
    box 2 5  2 0  1 0 1 0
     -u^(-2)*(18+dim^2-9*dim)
;
  box 2 5  4 0  1 0 3 0
   1
    box 2 5  2 0  1 0 1 0
     -1/2*u^(-2)*(12+dim^2-7*dim)
;
  box 2 5  4 1  3 -1 1 0
   1
    box 2 5  2 0  1 0 1 0
     1/4*u^(-1)*(6+dim^2-5*dim)
;
  box 2 5  4 1  3 0 1 -1
   1
    box 2 5  2 0  1 0 1 0
     1/4*u^(-1)*(6+dim^2-5*dim)
;
  box 2 5  4 1  2 -1 2 0
   1
    box 2 5  2 0  1 0 1 0
     1/2*u^(-1)*(12+dim^2-7*dim)
;
  box 2 5  4 1  2 0 2 -1
   1
    box 2 5  2 0  1 0 1 0
     1/2*u^(-1)*(12+dim^2-7*dim)
;
  box 2 5  4 1  1 -1 3 0
   1
    box 2 5  2 0  1 0 1 0
     1/4*u^(-1)*(6+dim^2-5*dim)
;
  box 2 5  4 1  1 0 3 -1
   1
    box 2 5  2 0  1 0 1 0
     1/4*u^(-1)*(6+dim^2-5*dim)
;
  box 2 5  4 2  3 -2 1 0
   1
    box 2 5  2 0  1 0 1 0
     -1/8*dim^2+1/4*dim
;
  box 2 5  4 2  3 -1 1 -1
   1
    box 2 5  2 0  1 0 1 0
     1/8*(2*(2*u+t)*dim-4*u-u*dim^2-4*t)*u^(-1)
;
  box 2 5  4 2  3 0 1 -2
   1
    box 2 5  2 0  1 0 1 0
     -1/8*dim^2+1/4*dim
;
  box 2 5  4 2  2 -2 2 0
   1
    box 2 5  2 0  1 0 1 0
     -1-1/4*dim^2+dim
;
  box 2 5  4 2  2 -1 2 -1
   1
    box 2 5  2 0  1 0 1 0
     -1/4*u^(-1)*(12*u-2*(3*u+t)*dim+u*dim^2+8*t)
;
  box 2 5  4 2  2 0 2 -2
   1
    box 2 5  2 0  1 0 1 0
     -1-1/4*dim^2+dim
;
  box 2 5  4 2  1 -2 3 0
   1
    box 2 5  2 0  1 0 1 0
     -1/8*dim^2+1/4*dim
;
  box 2 5  4 2  1 -1 3 -1
   1
    box 2 5  2 0  1 0 1 0
     1/8*(2*(2*u+t)*dim-4*u-u*dim^2-4*t)*u^(-1)
;
  box 2 5  4 2  1 0 3 -2
   1
    box 2 5  2 0  1 0 1 0
     -1/8*dim^2+1/4*dim
;
  box 2 5  4 3  3 -3 1 0
   1
    box 2 5  2 0  1 0 1 0
     1/8*u*dim+1/16*u*dim^2
;
  box 2 5  4 3  3 -2 1 -1
   1
    box 2 5  2 0  1 0 1 0
     1/16*u*dim^2-1/8*(u+2*t)*dim
;
  box 2 5  4 3  3 -1 1 -2
   1
    box 2 5  2 0  1 0 1 0
     1/16*u*dim^2-1/8*(u+2*t)*dim
;
  box 2 5  4 3  3 0 1 -3
   1
    box 2 5  2 0  1 0 1 0
     1/8*u*dim+1/16*u*dim^2
;
  box 2 5  4 3  2 -3 2 0
   1
    box 2 5  2 0  1 0 1 0
     1/8*u*dim^2
;
  box 2 5  4 3  2 -2 2 -1
   1
    box 2 5  2 0  1 0 1 0
     u+1/8*u*dim^2+t-1/2*(u+t)*dim
;
  box 2 5  4 3  2 -1 2 -2
   1
    box 2 5  2 0  1 0 1 0
     u+1/8*u*dim^2+t-1/2*(u+t)*dim
;
  box 2 5  4 3  2 0 2 -3
   1
    box 2 5  2 0  1 0 1 0
     1/8*u*dim^2
;
  box 2 5  4 3  1 -3 3 0
   1
    box 2 5  2 0  1 0 1 0
     1/8*u*dim+1/16*u*dim^2
;
  box 2 5  4 3  1 -2 3 -1
   1
    box 2 5  2 0  1 0 1 0
     1/16*u*dim^2-1/8*(u+2*t)*dim
;
  box 2 5  4 3  1 -1 3 -2
   1
    box 2 5  2 0  1 0 1 0
     1/16*u*dim^2-1/8*(u+2*t)*dim
;
  box 2 5  4 3  1 0 3 -3
   1
    box 2 5  2 0  1 0 1 0
     1/8*u*dim+1/16*u*dim^2
;
  box 2 5  4 4  3 -4 1 0
   1
    box 2 5  2 0  1 0 1 0
     -1/32*(-1+dim)^(-1)*(u^2*dim^3+6*u^2*dim^2+8*u^2*dim)
;
  box 2 5  4 4  3 -3 1 -1
   1
    box 2 5  2 0  1 0 1 0
     1/32*(4*(3*u*t+u^2)*dim-u^2*dim^3+6*u*t*dim^2)*(-1+dim)^(-1)
;
  box 2 5  4 4  3 -2 1 -2
   1
    box 2 5  2 0  1 0 1 0
     -1/32*(-1+dim)^(-1)*(u^2*dim^3-2*(4*u*t+u^2)*dim^2+8*t^2*dim)
;
  box 2 5  4 4  3 -1 1 -3
   1
    box 2 5  2 0  1 0 1 0
     1/32*(4*(3*u*t+u^2)*dim-u^2*dim^3+6*u*t*dim^2)*(-1+dim)^(-1)
;
  box 2 5  4 4  3 0 1 -4
   1
    box 2 5  2 0  1 0 1 0
     -1/32*(-1+dim)^(-1)*(u^2*dim^3+6*u^2*dim^2+8*u^2*dim)
;
  box 2 5  4 4  2 -4 2 0
   1
    box 2 5  2 0  1 0 1 0
     -1/16*(u^2*dim^3+4*u^2*dim^2+4*u^2*dim)*(-1+dim)^(-1)
;
  box 2 5  4 4  2 -3 2 -1
   1
    box 2 5  2 0  1 0 1 0
     1/16*(-1+dim)^(-1)*(2*(3*u*t+u^2)*dim^2-u^2*dim^3-4*u^2*dim)
;
  box 2 5  4 4  2 -2 2 -2
   1
    box 2 5  2 0  1 0 1 0
     1/16*(32*u*t-4*(4*u*t+3*u^2+2*t^2)*dim+16*u^2+4*(2*u*t+u^2)*dim^2-u^2*dim^3+16*t^2)*(-1+dim)^(-1)
;
  box 2 5  4 4  2 -1 2 -3
   1
    box 2 5  2 0  1 0 1 0
     1/16*(-1+dim)^(-1)*(2*(3*u*t+u^2)*dim^2-u^2*dim^3-4*u^2*dim)
;
  box 2 5  4 4  2 0 2 -4
   1
    box 2 5  2 0  1 0 1 0
     -1/16*(u^2*dim^3+4*u^2*dim^2+4*u^2*dim)*(-1+dim)^(-1)
;
  box 2 5  4 4  1 -4 3 0
   1
    box 2 5  2 0  1 0 1 0
     -1/32*(-1+dim)^(-1)*(u^2*dim^3+6*u^2*dim^2+8*u^2*dim)
;
  box 2 5  4 4  1 -3 3 -1
   1
    box 2 5  2 0  1 0 1 0
     1/32*(4*(3*u*t+u^2)*dim-u^2*dim^3+6*u*t*dim^2)*(-1+dim)^(-1)
;
  box 2 5  4 4  1 -2 3 -2
   1
    box 2 5  2 0  1 0 1 0
     -1/32*(-1+dim)^(-1)*(u^2*dim^3-2*(4*u*t+u^2)*dim^2+8*t^2*dim)
;
  box 2 5  4 4  1 -1 3 -3
   1
    box 2 5  2 0  1 0 1 0
     1/32*(4*(3*u*t+u^2)*dim-u^2*dim^3+6*u*t*dim^2)*(-1+dim)^(-1)
;
  box 2 5  4 4  1 0 3 -4
   1
    box 2 5  2 0  1 0 1 0
     -1/32*(-1+dim)^(-1)*(u^2*dim^3+6*u^2*dim^2+8*u^2*dim)
;
  box 2 5  4 5  2 -5 2 0
   1
    box 2 5  4 5  3 -5 1 0
     2
    box 2 5  2 0  1 0 1 0
     1/16*(40*u^3+38*u^3*dim+u^3*dim^3+11*u^3*dim^2)*(-1+dim)^(-1)
;
  box 2 5  4 5  2 -4 2 -1
   1
    box 2 5  4 5  3 -4 1 -1
     2
    box 2 5  2 0  1 0 1 0
     -1/16*(8*u^3-(3*u^3-8*u^2*t)*dim^2-u^3*dim^3+48*u^2*t+2*(u^3+20*u^2*t)*dim)*(-1+dim)^(-1)
;
  box 2 5  4 5  2 -3 2 -2
   1
    box 2 5  4 5  3 -3 1 -2
     2
    box 2 5  2 0  1 0 1 0
     -1/16*(-1+dim)^(-1)*((u^3+12*u^2*t)*dim^2+8*u^3-24*u*t^2-u^3*dim^3+24*u^2*t-2*(u^3+12*u*t^2-6*u^2*t)*dim)
;
  box 2 5  4 5  2 -2 2 -3
   1
    box 2 5  4 5  3 -2 1 -3
     2
    box 2 5  2 0  1 0 1 0
     -1/16*(-1+dim)^(-1)*((u^3+12*u^2*t)*dim^2+8*u^3-24*u*t^2-u^3*dim^3+24*u^2*t-2*(u^3+12*u*t^2-6*u^2*t)*dim)
;
  box 2 5  4 5  2 -1 2 -4
   1
    box 2 5  4 5  3 -1 1 -4
     2
    box 2 5  2 0  1 0 1 0
     -1/16*(8*u^3-(3*u^3-8*u^2*t)*dim^2-u^3*dim^3+48*u^2*t+2*(u^3+20*u^2*t)*dim)*(-1+dim)^(-1)
;
  box 2 5  4 5  2 0 2 -5
   1
    box 2 5  4 5  3 0 1 -5
     2
    box 2 5  2 0  1 0 1 0
     1/16*(40*u^3+38*u^3*dim+u^3*dim^3+11*u^3*dim^2)*(-1+dim)^(-1)
;
  box 2 5  4 5  1 -5 3 0
   1
    box 2 5  4 5  3 -5 1 0
     -1
;
  box 2 5  4 5  1 -4 3 -1
   1
    box 2 5  4 5  3 -4 1 -1
     -1
;
  box 2 5  4 5  1 -3 3 -2
   1
    box 2 5  4 5  3 -3 1 -2
     -1
;
  box 2 5  4 5  1 -2 3 -3
   1
    box 2 5  4 5  3 -2 1 -3
     -1
;
  box 2 5  4 5  1 -1 3 -4
   1
    box 2 5  4 5  3 -1 1 -4
     -1
;
  box 2 5  4 5  1 0 3 -5
   1
    box 2 5  4 5  3 0 1 -5
     -1
;
  box 2 5  5 0  4 0 1 0
   1
    box 2 5  2 0  1 0 1 0
     1/6*(-60+dim^3-12*dim^2+47*dim)*u^(-3)
;
  box 2 5  5 0  3 0 2 0
   1
    box 2 5  2 0  1 0 1 0
     1/2*u^(-3)*(-120+dim^3-16*dim^2+79*dim)
;
  box 2 5  5 0  2 0 3 0
   1
    box 2 5  2 0  1 0 1 0
     1/2*u^(-3)*(-120+dim^3-16*dim^2+79*dim)
;
  box 2 5  5 0  1 0 4 0
   1
    box 2 5  2 0  1 0 1 0
     1/6*(-60+dim^3-12*dim^2+47*dim)*u^(-3)
;
  box 2 5  5 1  4 -1 1 0
   1
    box 2 5  2 0  1 0 1 0
     -1/12*(-24+dim^3-9*dim^2+26*dim)*u^(-2)
;
  box 2 5  5 1  4 0 1 -1
   1
    box 2 5  2 0  1 0 1 0
     -1/12*(-24+dim^3-9*dim^2+26*dim)*u^(-2)
;
  box 2 5  5 1  3 -1 2 0
   1
    box 2 5  2 0  1 0 1 0
     -1/4*(-72+dim^3-13*dim^2+54*dim)*u^(-2)
;
  box 2 5  5 1  3 0 2 -1
   1
    box 2 5  2 0  1 0 1 0
     -1/4*(-72+dim^3-13*dim^2+54*dim)*u^(-2)
;
  box 2 5  5 1  2 -1 3 0
   1
    box 2 5  2 0  1 0 1 0
     -1/4*(-72+dim^3-13*dim^2+54*dim)*u^(-2)
;
  box 2 5  5 1  2 0 3 -1
   1
    box 2 5  2 0  1 0 1 0
     -1/4*(-72+dim^3-13*dim^2+54*dim)*u^(-2)
;
  box 2 5  5 1  1 -1 4 0
   1
    box 2 5  2 0  1 0 1 0
     -1/12*(-24+dim^3-9*dim^2+26*dim)*u^(-2)
;
  box 2 5  5 1  1 0 4 -1
   1
    box 2 5  2 0  1 0 1 0
     -1/12*(-24+dim^3-9*dim^2+26*dim)*u^(-2)
;
  box 2 5  5 2  4 -2 1 0
   1
    box 2 5  2 0  1 0 1 0
     1/24*u^(-1)*(dim^3-5*dim^2+6*dim)
;
  box 2 5  5 2  4 -1 1 -1
   1
    box 2 5  2 0  1 0 1 0
     -1/24*(12*u-u*dim^3+12*t-2*(8*u+5*t)*dim+(7*u+2*t)*dim^2)*u^(-2)
;
  box 2 5  5 2  4 0 1 -2
   1
    box 2 5  2 0  1 0 1 0
     1/24*u^(-1)*(dim^3-5*dim^2+6*dim)
;
  box 2 5  5 2  3 -2 2 0
   1
    box 2 5  2 0  1 0 1 0
     1/8*(-24+dim^3-9*dim^2+26*dim)*u^(-1)
;
  box 2 5  5 2  3 -1 2 -1
   1
    box 2 5  2 0  1 0 1 0
     -1/8*u^(-2)*(60*u-2*(22*u+9*t)*dim-u*dim^3+36*t+(11*u+2*t)*dim^2)
;
  box 2 5  5 2  3 0 2 -2
   1
    box 2 5  2 0  1 0 1 0
     1/8*(-24+dim^3-9*dim^2+26*dim)*u^(-1)
;
  box 2 5  5 2  2 -2 3 0
   1
    box 2 5  2 0  1 0 1 0
     1/8*(-24+dim^3-9*dim^2+26*dim)*u^(-1)
;
  box 2 5  5 2  2 -1 3 -1
   1
    box 2 5  2 0  1 0 1 0
     -1/8*u^(-2)*(60*u-2*(22*u+9*t)*dim-u*dim^3+36*t+(11*u+2*t)*dim^2)
;
  box 2 5  5 2  2 0 3 -2
   1
    box 2 5  2 0  1 0 1 0
     1/8*(-24+dim^3-9*dim^2+26*dim)*u^(-1)
;
  box 2 5  5 2  1 -2 4 0
   1
    box 2 5  2 0  1 0 1 0
     1/24*u^(-1)*(dim^3-5*dim^2+6*dim)
;
  box 2 5  5 2  1 -1 4 -1
   1
    box 2 5  2 0  1 0 1 0
     -1/24*(12*u-u*dim^3+12*t-2*(8*u+5*t)*dim+(7*u+2*t)*dim^2)*u^(-2)
;
  box 2 5  5 2  1 0 4 -2
   1
    box 2 5  2 0  1 0 1 0
     1/24*u^(-1)*(dim^3-5*dim^2+6*dim)
;
  box 2 5  5 3  4 -3 1 0
   1
    box 2 5  2 0  1 0 1 0
     -1/48*dim^3+1/12*dim
;
  box 2 5  5 3  4 -2 1 -1
   1
    box 2 5  2 0  1 0 1 0
     -1/48*u^(-1)*(4*(u+2*t)*dim+u*dim^3-4*(u+t)*dim^2)
;
  box 2 5  5 3  4 -1 1 -2
   1
    box 2 5  2 0  1 0 1 0
     -1/48*u^(-1)*(4*(u+2*t)*dim+u*dim^3-4*(u+t)*dim^2)
;
  box 2 5  5 3  4 0 1 -3
   1
    box 2 5  2 0  1 0 1 0
     -1/48*dim^3+1/12*dim
;
  box 2 5  5 3  3 -3 2 0
   1
    box 2 5  2 0  1 0 1 0
     -1/16*dim^3+1/4*dim^2-1/4*dim
;
  box 2 5  5 3  3 -2 2 -1
   1
    box 2 5  2 0  1 0 1 0
     1/16*u^(-1)*(32*u-4*(7*u+6*t)*dim+4*(2*u+t)*dim^2-u*dim^3+32*t)
;
  box 2 5  5 3  3 -1 2 -2
   1
    box 2 5  2 0  1 0 1 0
     1/16*u^(-1)*(32*u-4*(7*u+6*t)*dim+4*(2*u+t)*dim^2-u*dim^3+32*t)
;
  box 2 5  5 3  3 0 2 -3
   1
    box 2 5  2 0  1 0 1 0
     -1/16*dim^3+1/4*dim^2-1/4*dim
;
  box 2 5  5 3  2 -3 3 0
   1
    box 2 5  2 0  1 0 1 0
     -1/16*dim^3+1/4*dim^2-1/4*dim
;
  box 2 5  5 3  2 -2 3 -1
   1
    box 2 5  2 0  1 0 1 0
     1/16*u^(-1)*(32*u-4*(7*u+6*t)*dim+4*(2*u+t)*dim^2-u*dim^3+32*t)
;
  box 2 5  5 3  2 -1 3 -2
   1
    box 2 5  2 0  1 0 1 0
     1/16*u^(-1)*(32*u-4*(7*u+6*t)*dim+4*(2*u+t)*dim^2-u*dim^3+32*t)
;
  box 2 5  5 3  2 0 3 -3
   1
    box 2 5  2 0  1 0 1 0
     -1/16*dim^3+1/4*dim^2-1/4*dim
;
  box 2 5  5 3  1 -3 4 0
   1
    box 2 5  2 0  1 0 1 0
     -1/48*dim^3+1/12*dim
;
  box 2 5  5 3  1 -2 4 -1
   1
    box 2 5  2 0  1 0 1 0
     -1/48*u^(-1)*(4*(u+2*t)*dim+u*dim^3-4*(u+t)*dim^2)
;
  box 2 5  5 3  1 -1 4 -2
   1
    box 2 5  2 0  1 0 1 0
     -1/48*u^(-1)*(4*(u+2*t)*dim+u*dim^3-4*(u+t)*dim^2)
;
  box 2 5  5 3  1 0 4 -3
   1
    box 2 5  2 0  1 0 1 0
     -1/48*dim^3+1/12*dim
;
  box 2 5  5 4  4 -4 1 0
   1
    box 2 5  2 0  1 0 1 0
     1/12*u*dim+1/16*u*dim^2+1/96*u*dim^3
;
  box 2 5  5 4  4 -3 1 -1
   1
    box 2 5  2 0  1 0 1 0
     -1/16*t*dim^2+1/96*u*dim^3-1/24*(u+3*t)*dim
;
  box 2 5  5 4  4 -2 1 -2
   1
    box 2 5  2 0  1 0 1 0
     1/96*u^(-1)*(u^2*dim^3-2*(4*u*t+u^2)*dim^2+8*t^2*dim)
;
  box 2 5  5 4  4 -1 1 -3
   1
    box 2 5  2 0  1 0 1 0
     -1/16*t*dim^2+1/96*u*dim^3-1/24*(u+3*t)*dim
;
  box 2 5  5 4  4 0 1 -4
   1
    box 2 5  2 0  1 0 1 0
     1/12*u*dim+1/16*u*dim^2+1/96*u*dim^3
;
  box 2 5  5 4  3 -4 2 0
   1
    box 2 5  2 0  1 0 1 0
     1/16*u*dim^2+1/32*u*dim^3
;
  box 2 5  5 4  3 -3 2 -1
   1
    box 2 5  2 0  1 0 1 0
     -1/16*(2*u+3*t)*dim^2+1/32*u*dim^3+3/8*(u+t)*dim
;
  box 2 5  5 4  3 -2 2 -2
   1
    box 2 5  2 0  1 0 1 0
     -1/32*u^(-1)*(64*u*t+32*u^2+2*(4*u*t+3*u^2)*dim^2-u^2*dim^3+32*t^2-8*(4*u*t+3*u^2+t^2)*dim)
;
  box 2 5  5 4  3 -1 2 -3
   1
    box 2 5  2 0  1 0 1 0
     -1/16*(2*u+3*t)*dim^2+1/32*u*dim^3+3/8*(u+t)*dim
;
  box 2 5  5 4  3 0 2 -4
   1
    box 2 5  2 0  1 0 1 0
     1/16*u*dim^2+1/32*u*dim^3
;
  box 2 5  5 4  2 -4 3 0
   1
    box 2 5  2 0  1 0 1 0
     1/16*u*dim^2+1/32*u*dim^3
;
  box 2 5  5 4  2 -3 3 -1
   1
    box 2 5  2 0  1 0 1 0
     -1/16*(2*u+3*t)*dim^2+1/32*u*dim^3+3/8*(u+t)*dim
;
  box 2 5  5 4  2 -2 3 -2
   1
    box 2 5  2 0  1 0 1 0
     -1/32*u^(-1)*(64*u*t+32*u^2+2*(4*u*t+3*u^2)*dim^2-u^2*dim^3+32*t^2-8*(4*u*t+3*u^2+t^2)*dim)
;
  box 2 5  5 4  2 -1 3 -3
   1
    box 2 5  2 0  1 0 1 0
     -1/16*(2*u+3*t)*dim^2+1/32*u*dim^3+3/8*(u+t)*dim
;
  box 2 5  5 4  2 0 3 -4
   1
    box 2 5  2 0  1 0 1 0
     1/16*u*dim^2+1/32*u*dim^3
;
  box 2 5  5 4  1 -4 4 0
   1
    box 2 5  2 0  1 0 1 0
     1/12*u*dim+1/16*u*dim^2+1/96*u*dim^3
;
  box 2 5  5 4  1 -3 4 -1
   1
    box 2 5  2 0  1 0 1 0
     -1/16*t*dim^2+1/96*u*dim^3-1/24*(u+3*t)*dim
;
  box 2 5  5 4  1 -2 4 -2
   1
    box 2 5  2 0  1 0 1 0
     1/96*u^(-1)*(u^2*dim^3-2*(4*u*t+u^2)*dim^2+8*t^2*dim)
;
  box 2 5  5 4  1 -1 4 -3
   1
    box 2 5  2 0  1 0 1 0
     -1/16*t*dim^2+1/96*u*dim^3-1/24*(u+3*t)*dim
;
  box 2 5  5 4  1 0 4 -4
   1
    box 2 5  2 0  1 0 1 0
     1/12*u*dim+1/16*u*dim^2+1/96*u*dim^3
;
  box 2 5  5 5  3 -5 2 0
   1
    box 2 5  5 5  4 -5 1 0
     3
    box 2 5  5 4  4 -4 1 0
     3*u
    box 2 5  4 4  3 -4 1 0
     -5
;
  box 2 5  5 5  3 -5 2 0
   1
    box 2 5  5 5  4 -5 1 0
     3
    box 2 5  5 4  3 -4 2 0
     u
    box 2 5  4 4  2 -4 2 0
     -1
    box 2 5  4 4  3 -4 1 0
     -7
    box 2 5  3 3  2 -3 1 0
     4
;
  box 2 5  5 5  3 -4 2 -1
   1
    box 2 5  5 5  4 -4 1 -1
     3
    box 2 5  5 4  4 -3 1 -1
     3*u
    box 2 5  4 4  3 -3 1 -1
     -4
    box 2 5  4 4  3 -4 1 0
     -1
    box 2 5  4 3  3 -3 1 0
     -u-t
;
  box 2 5  5 5  3 -4 2 -1
   1
    box 2 5  5 5  4 -4 1 -1
     3
    box 2 5  5 4  3 -4 2 0
     u
    box 2 5  4 4  2 -4 2 0
     -1
    box 2 5  4 4  3 -3 1 -1
     -4
    box 2 5  4 4  3 -4 1 0
     -3
    box 2 5  4 3  3 -3 1 0
     -4*u-4*t
    box 2 5  3 3  2 -3 1 0
     4
;
  box 2 5  5 5  3 -4 2 -1
   1
    box 2 5  5 5  4 -4 1 -1
     3
    box 2 5  5 4  3 -3 2 -1
     u
    box 2 5  4 4  2 -3 2 -1
     -1
    box 2 5  4 4  3 -3 1 -1
     -6
    box 2 5  4 4  3 -4 1 0
     -1
    box 2 5  4 3  3 -3 1 0
     -u-t
    box 2 5  3 3  2 -2 1 -1
     3
    box 2 5  3 3  2 -3 1 0
     1
;
  box 2 5  5 5  3 -3 2 -2
   1
    box 2 5  5 5  4 -3 1 -2
     3
    box 2 5  5 4  4 -2 1 -2
     3*u
    box 2 5  4 4  3 -2 1 -2
     -3
    box 2 5  4 4  3 -3 1 -1
     -2
    box 2 5  4 3  3 -2 1 -1
     -2*u-2*t
;
  box 2 5  5 5  3 -3 2 -2
   1
    box 2 5  5 5  4 -3 1 -2
     3
    box 2 5  5 4  3 -3 2 -1
     u
    box 2 5  4 4  2 -3 2 -1
     -1
    box 2 5  4 4  3 -2 1 -2
     -3
    box 2 5  4 4  3 -3 1 -1
     -4
    box 2 5  4 3  3 -2 1 -1
     -3*u-3*t
    box 2 5  3 3  2 -2 1 -1
     3
    box 2 5  3 3  2 -3 1 0
     1
;
  box 2 5  5 5  3 -3 2 -2
   1
    box 2 5  5 5  4 -3 1 -2
     3
    box 2 5  5 4  3 -2 2 -2
     u
    box 2 5  4 4  2 -2 2 -2
     -1
    box 2 5  4 4  3 -2 1 -2
     -5
    box 2 5  4 4  3 -3 1 -1
     -2
    box 2 5  4 3  3 -2 1 -1
     -2*u-2*t
    box 2 5  3 3  2 -1 1 -2
     2
    box 2 5  3 3  2 -2 1 -1
     2
;
  box 2 5  5 5  3 -2 2 -3
   1
    box 2 5  5 5  4 -2 1 -3
     3
    box 2 5  5 4  4 -1 1 -3
     3*u
    box 2 5  4 4  3 -1 1 -3
     -2
    box 2 5  4 4  3 -2 1 -2
     -3
    box 2 5  4 3  3 -1 1 -2
     -3*u-3*t
;
  box 2 5  5 5  3 -2 2 -3
   1
    box 2 5  5 5  4 -2 1 -3
     3
    box 2 5  5 4  3 -2 2 -2
     u
    box 2 5  4 4  2 -2 2 -2
     -1
    box 2 5  4 4  3 -1 1 -3
     -2
    box 2 5  4 4  3 -2 1 -2
     -5
    box 2 5  4 3  3 -1 1 -2
     -2*u-2*t
    box 2 5  3 3  2 -1 1 -2
     2
    box 2 5  3 3  2 -2 1 -1
     2
;
  box 2 5  5 5  3 -2 2 -3
   1
    box 2 5  5 5  4 -2 1 -3
     3
    box 2 5  5 4  3 -1 2 -3
     u
    box 2 5  4 4  2 -1 2 -3
     -1
    box 2 5  4 4  3 -1 1 -3
     -4
    box 2 5  4 4  3 -2 1 -2
     -3
    box 2 5  4 3  3 -1 1 -2
     -3*u-3*t
    box 2 5  3 3  2 0 1 -3
     1
    box 2 5  3 3  2 -1 1 -2
     3
;
  box 2 5  5 5  3 -1 2 -4
   1
    box 2 5  5 5  4 -1 1 -4
     3
    box 2 5  5 4  4 0 1 -4
     3*u
    box 2 5  4 4  3 0 1 -4
     -1
    box 2 5  4 4  3 -1 1 -3
     -4
    box 2 5  4 3  3 0 1 -3
     -4*u-4*t
;
  box 2 5  5 5  3 -1 2 -4
   1
    box 2 5  5 5  4 -1 1 -4
     3
    box 2 5  5 4  3 -1 2 -3
     u
    box 2 5  4 4  2 -1 2 -3
     -1
    box 2 5  4 4  3 0 1 -4
     -1
    box 2 5  4 4  3 -1 1 -3
     -6
    box 2 5  4 3  3 0 1 -3
     -u-t
    box 2 5  3 3  2 0 1 -3
     1
    box 2 5  3 3  2 -1 1 -2
     3
;
  box 2 5  5 5  3 -1 2 -4
   1
    box 2 5  5 5  4 -1 1 -4
     3
    box 2 5  5 4  3 0 2 -4
     u
    box 2 5  4 4  2 0 2 -4
     -1
    box 2 5  4 4  3 0 1 -4
     -3
    box 2 5  4 4  3 -1 1 -3
     -4
    box 2 5  4 3  3 0 1 -3
     -4*u-4*t
    box 2 5  3 3  2 0 1 -3
     4
;
  box 2 5  5 5  3 0 2 -5
   1
    box 2 5  5 5  4 0 1 -5
     3
    box 2 5  5 4  3 0 2 -4
     u
    box 2 5  4 4  2 0 2 -4
     -1
    box 2 5  4 4  3 0 1 -4
     -7
    box 2 5  3 3  2 0 1 -3
     4
;
  box 2 5  5 5  2 -5 3 0
   1
    box 2 5  5 5  3 -5 2 0
     1
    box 2 5  5 4  3 -4 2 0
     u
    box 2 5  4 4  2 -4 2 0
     -3
    box 2 5  4 4  3 -4 1 0
     -1
    box 2 5  3 3  2 -3 1 0
     2
;
  box 2 5  5 5  2 -5 3 0
   1
    box 2 5  5 5  3 -5 2 0
     1
    box 2 5  5 4  2 -4 3 0
     u
    box 2 5  4 4  1 -4 3 0
     -1
    box 2 5  4 4  2 -4 2 0
     -3
    box 2 5  3 3  1 -3 2 0
     2
;
  box 2 5  5 5  2 -4 3 -1
   1
    box 2 5  5 5  3 -4 2 -1
     1
    box 2 5  5 4  3 -3 2 -1
     u
    box 2 5  4 4  2 -3 2 -1
     -5/2
    box 2 5  4 4  2 -4 2 0
     -1/2
    box 2 5  4 4  3 -3 1 -1
     -1
    box 2 5  4 3  2 -3 2 0
     -1/2*u-1/2*t
    box 2 5  3 3  2 -2 1 -1
     3/2
    box 2 5  3 3  2 -3 1 0
     1/2
;
  box 2 5  5 5  2 -4 3 -1
   1
    box 2 5  5 5  3 -4 2 -1
     1
    box 2 5  5 4  2 -4 3 0
     u
    box 2 5  4 4  1 -4 3 0
     -1
    box 2 5  4 4  2 -3 2 -1
     -2
    box 2 5  4 4  2 -4 2 0
     -1
    box 2 5  4 3  2 -3 2 0
     -2*u-2*t
    box 2 5  3 3  1 -3 2 0
     2
;
  box 2 5  5 5  2 -4 3 -1
   1
    box 2 5  5 5  3 -4 2 -1
     1
    box 2 5  5 4  2 -3 3 -1
     u
    box 2 5  4 4  1 -3 3 -1
     -1
    box 2 5  4 4  2 -3 2 -1
     -5/2
    box 2 5  4 4  2 -4 2 0
     -1/2
    box 2 5  4 3  2 -3 2 0
     -1/2*u-1/2*t
    box 2 5  3 3  1 -2 2 -1
     3/2
    box 2 5  3 3  1 -3 2 0
     1/2
;
  box 2 5  5 5  2 -3 3 -2
   1
    box 2 5  5 5  3 -3 2 -2
     1
    box 2 5  5 4  3 -2 2 -2
     u
    box 2 5  4 4  2 -2 2 -2
     -2
    box 2 5  4 4  2 -3 2 -1
     -1
    box 2 5  4 4  3 -2 1 -2
     -1
    box 2 5  4 3  2 -2 2 -1
     -u-t
    box 2 5  3 3  2 -1 1 -2
     1
    box 2 5  3 3  2 -2 1 -1
     1
;
  box 2 5  5 5  2 -3 3 -2
   1
    box 2 5  5 5  3 -3 2 -2
     1
    box 2 5  5 4  2 -3 3 -1
     u
    box 2 5  4 4  1 -3 3 -1
     -1
    box 2 5  4 4  2 -2 2 -2
     -3/2
    box 2 5  4 4  2 -3 2 -1
     -3/2
    box 2 5  4 3  2 -2 2 -1
     -3/2*u-3/2*t
    box 2 5  3 3  1 -2 2 -1
     3/2
    box 2 5  3 3  1 -3 2 0
     1/2
;
  box 2 5  5 5  2 -3 3 -2
   1
    box 2 5  5 5  3 -3 2 -2
     1
    box 2 5  5 4  2 -2 3 -2
     u
    box 2 5  4 4  1 -2 3 -2
     -1
    box 2 5  4 4  2 -2 2 -2
     -2
    box 2 5  4 4  2 -3 2 -1
     -1
    box 2 5  4 3  2 -2 2 -1
     -u-t
    box 2 5  3 3  1 -1 2 -2
     1
    box 2 5  3 3  1 -2 2 -1
     1
;
  box 2 5  5 5  2 -2 3 -3
   1
    box 2 5  5 5  3 -2 2 -3
     1
    box 2 5  5 4  3 -1 2 -3
     u
    box 2 5  4 4  2 -1 2 -3
     -3/2
    box 2 5  4 4  2 -2 2 -2
     -3/2
    box 2 5  4 4  3 -1 1 -3
     -1
    box 2 5  4 3  2 -1 2 -2
     -3/2*u-3/2*t
    box 2 5  3 3  2 0 1 -3
     1/2
    box 2 5  3 3  2 -1 1 -2
     3/2
;
  box 2 5  5 5  2 -2 3 -3
   1
    box 2 5  5 5  3 -2 2 -3
     1
    box 2 5  5 4  2 -2 3 -2
     u
    box 2 5  4 4  1 -2 3 -2
     -1
    box 2 5  4 4  2 -1 2 -3
     -1
    box 2 5  4 4  2 -2 2 -2
     -2
    box 2 5  4 3  2 -1 2 -2
     -u-t
    box 2 5  3 3  1 -1 2 -2
     1
    box 2 5  3 3  1 -2 2 -1
     1
;
  box 2 5  5 5  2 -2 3 -3
   1
    box 2 5  5 5  3 -2 2 -3
     1
    box 2 5  5 4  2 -1 3 -3
     u
    box 2 5  4 4  1 -1 3 -3
     -1
    box 2 5  4 4  2 -1 2 -3
     -3/2
    box 2 5  4 4  2 -2 2 -2
     -3/2
    box 2 5  4 3  2 -1 2 -2
     -3/2*u-3/2*t
    box 2 5  3 3  1 0 2 -3
     1/2
    box 2 5  3 3  1 -1 2 -2
     3/2
;
  box 2 5  5 5  2 -1 3 -4
   1
    box 2 5  5 5  3 -1 2 -4
     1
    box 2 5  5 4  3 0 2 -4
     u
    box 2 5  4 4  2 0 2 -4
     -1
    box 2 5  4 4  2 -1 2 -3
     -2
    box 2 5  4 4  3 0 1 -4
     -1
    box 2 5  4 3  2 0 2 -3
     -2*u-2*t
    box 2 5  3 3  2 0 1 -3
     2
;
  box 2 5  5 5  2 -1 3 -4
   1
    box 2 5  5 5  3 -1 2 -4
     1
    box 2 5  5 4  2 -1 3 -3
     u
    box 2 5  4 4  1 -1 3 -3
     -1
    box 2 5  4 4  2 0 2 -4
     -1/2
    box 2 5  4 4  2 -1 2 -3
     -5/2
    box 2 5  4 3  2 0 2 -3
     -1/2*u-1/2*t
    box 2 5  3 3  1 0 2 -3
     1/2
    box 2 5  3 3  1 -1 2 -2
     3/2
;
  box 2 5  5 5  2 -1 3 -4
   1
    box 2 5  5 5  3 -1 2 -4
     1
    box 2 5  5 4  2 0 3 -4
     u
    box 2 5  4 4  1 0 3 -4
     -1
    box 2 5  4 4  2 0 2 -4
     -1
    box 2 5  4 4  2 -1 2 -3
     -2
    box 2 5  4 3  2 0 2 -3
     -2*u-2*t
    box 2 5  3 3  1 0 2 -3
     2
;
  box 2 5  5 5  2 0 3 -5
   1
    box 2 5  5 5  3 0 2 -5
     1
    box 2 5  5 4  2 0 3 -4
     u
    box 2 5  4 4  1 0 3 -4
     -1
    box 2 5  4 4  2 0 2 -4
     -3
    box 2 5  3 3  1 0 2 -3
     2
;
  box 2 5  5 5  1 -5 4 0
   1
    box 2 5  5 5  2 -5 3 0
     1/3
    box 2 5  5 4  2 -4 3 0
     1/3*u
    box 2 5  4 4  1 -4 3 0
     -7/3
    box 2 5  4 4  2 -4 2 0
     -1/3
    box 2 5  3 3  1 -3 2 0
     4/3
;
  box 2 5  5 5  1 -5 4 0
   1
    box 2 5  5 5  2 -5 3 0
     1/3
    box 2 5  5 4  1 -4 4 0
     u
    box 2 5  4 4  1 -4 3 0
     -5/3
;
  box 2 5  5 5  1 -4 4 -1
   1
    box 2 5  5 5  2 -4 3 -1
     1/3
    box 2 5  5 4  2 -3 3 -1
     1/3*u
    box 2 5  4 4  1 -3 3 -1
     -2
    box 2 5  4 4  1 -4 3 0
     -1/3
    box 2 5  4 4  2 -3 2 -1
     -1/3
    box 2 5  4 3  1 -3 3 0
     -1/3*u-1/3*t
    box 2 5  3 3  1 -2 2 -1
     1
    box 2 5  3 3  1 -3 2 0
     1/3
;
  box 2 5  5 5  1 -4 4 -1
   1
    box 2 5  5 5  2 -4 3 -1
     1/3
    box 2 5  5 4  1 -4 4 0
     u
    box 2 5  4 4  1 -3 3 -1
     -4/3
    box 2 5  4 4  1 -4 3 0
     -1/3
    box 2 5  4 3  1 -3 3 0
     -4/3*u-4/3*t
;
  box 2 5  5 5  1 -4 4 -1
   1
    box 2 5  5 5  2 -4 3 -1
     1/3
    box 2 5  5 4  1 -3 4 -1
     u
    box 2 5  4 4  1 -3 3 -1
     -4/3
    box 2 5  4 4  1 -4 3 0
     -1/3
    box 2 5  4 3  1 -3 3 0
     -1/3*u-1/3*t
;
  box 2 5  5 5  1 -3 4 -2
   1
    box 2 5  5 5  2 -3 3 -2
     1/3
    box 2 5  5 4  2 -2 3 -2
     1/3*u
    box 2 5  4 4  1 -2 3 -2
     -5/3
    box 2 5  4 4  1 -3 3 -1
     -2/3
    box 2 5  4 4  2 -2 2 -2
     -1/3
    box 2 5  4 3  1 -2 3 -1
     -2/3*u-2/3*t
    box 2 5  3 3  1 -1 2 -2
     2/3
    box 2 5  3 3  1 -2 2 -1
     2/3
;
  box 2 5  5 5  1 -3 4 -2
   1
    box 2 5  5 5  2 -3 3 -2
     1/3
    box 2 5  5 4  1 -3 4 -1
     u
    box 2 5  4 4  1 -2 3 -2
     -1
    box 2 5  4 4  1 -3 3 -1
     -2/3
    box 2 5  4 3  1 -2 3 -1
     -u-t
;
  box 2 5  5 5  1 -3 4 -2
   1
    box 2 5  5 5  2 -3 3 -2
     1/3
    box 2 5  5 4  1 -2 4 -2
     u
    box 2 5  4 4  1 -2 3 -2
     -1
    box 2 5  4 4  1 -3 3 -1
     -2/3
    box 2 5  4 3  1 -2 3 -1
     -2/3*u-2/3*t
;
  box 2 5  5 5  1 -2 4 -3
   1
    box 2 5  5 5  2 -2 3 -3
     1/3
    box 2 5  5 4  2 -1 3 -3
     1/3*u
    box 2 5  4 4  1 -1 3 -3
     -4/3
    box 2 5  4 4  1 -2 3 -2
     -1
    box 2 5  4 4  2 -1 2 -3
     -1/3
    box 2 5  4 3  1 -1 3 -2
     -u-t
    box 2 5  3 3  1 0 2 -3
     1/3
    box 2 5  3 3  1 -1 2 -2
     1
;
  box 2 5  5 5  1 -2 4 -3
   1
    box 2 5  5 5  2 -2 3 -3
     1/3
    box 2 5  5 4  1 -2 4 -2
     u
    box 2 5  4 4  1 -1 3 -3
     -2/3
    box 2 5  4 4  1 -2 3 -2
     -1
    box 2 5  4 3  1 -1 3 -2
     -2/3*u-2/3*t
;
  box 2 5  5 5  1 -2 4 -3
   1
    box 2 5  5 5  2 -2 3 -3
     1/3
    box 2 5  5 4  1 -1 4 -3
     u
    box 2 5  4 4  1 -1 3 -3
     -2/3
    box 2 5  4 4  1 -2 3 -2
     -1
    box 2 5  4 3  1 -1 3 -2
     -u-t
;
  box 2 5  5 5  1 -1 4 -4
   1
    box 2 5  5 5  2 -1 3 -4
     1/3
    box 2 5  5 4  2 0 3 -4
     1/3*u
    box 2 5  4 4  1 0 3 -4
     -1
    box 2 5  4 4  1 -1 3 -3
     -4/3
    box 2 5  4 4  2 0 2 -4
     -1/3
    box 2 5  4 3  1 0 3 -3
     -4/3*u-4/3*t
    box 2 5  3 3  1 0 2 -3
     4/3
;
  box 2 5  5 5  1 -1 4 -4
   1
    box 2 5  5 5  2 -1 3 -4
     1/3
    box 2 5  5 4  1 -1 4 -3
     u
    box 2 5  4 4  1 0 3 -4
     -1/3
    box 2 5  4 4  1 -1 3 -3
     -4/3
    box 2 5  4 3  1 0 3 -3
     -1/3*u-1/3*t
;
  box 2 5  5 5  1 -1 4 -4
   1
    box 2 5  5 5  2 -1 3 -4
     1/3
    box 2 5  5 4  1 0 4 -4
     u
    box 2 5  4 4  1 0 3 -4
     -1/3
    box 2 5  4 4  1 -1 3 -3
     -4/3
    box 2 5  4 3  1 0 3 -3
     -4/3*u-4/3*t
;
  box 2 5  5 5  1 0 4 -5
   1
    box 2 5  5 5  2 0 3 -5
     1/3
    box 2 5  5 4  1 0 4 -4
     u
    box 2 5  4 4  1 0 3 -4
     -5/3
;
  box 2 5  6 0  4 0 2 0
   1
    box 2 5  5 0  3 0 2 0
     -u^(-1)
    box 2 5  5 0  4 0 1 0
     u^(-1)*(-9+dim)
;
  box 2 5  6 0  3 0 3 0
   1
    box 2 5  5 0  2 0 3 0
     -u^(-1)
    box 2 5  5 0  3 0 2 0
     1/2*u^(-1)*(-8+dim)
;
  box 2 5  6 0  2 0 4 0
   1
    box 2 5  5 0  1 0 4 0
     -u^(-1)
    box 2 5  5 0  2 0 3 0
     1/3*(-7+dim)*u^(-1)
;
  box 2 5  6 0  1 0 5 0
   1
    box 2 5  5 0  1 0 4 0
     1/4*(-6+dim)*u^(-1)
;
  box 2 5  6 1  4 -1 2 0
   1
    box 2 5  5 1  3 -1 2 0
     -u^(-1)
    box 2 5  5 1  4 -1 1 0
     u^(-1)*(-8+dim)
    box 2 5  4 0  3 0 1 0
     u^(-1)
;
  box 2 5  6 1  4 -1 2 0
   1
    box 2 5  6 1  5 -1 1 0
     4
    box 2 5  6 0  5 0 1 0
     4*u
    box 2 5  5 0  4 0 1 0
     -1
;
  box 2 5  6 1  4 -1 2 0
   1
    box 2 5  6 1  5 -1 1 0
     4
    box 2 5  6 0  4 0 2 0
     u
    box 2 5  5 0  3 0 2 0
     -1
    box 2 5  5 0  4 0 1 0
     -4
;
  box 2 5  6 1  4 0 2 -1
   1
    box 2 5  5 1  3 0 2 -1
     -u^(-1)
    box 2 5  5 1  4 0 1 -1
     u^(-1)*(-8+dim)
    box 2 5  4 0  3 0 1 0
     u^(-1)
;
  box 2 5  6 1  4 0 2 -1
   1
    box 2 5  6 1  5 0 1 -1
     4
    box 2 5  6 0  4 0 2 0
     u
    box 2 5  5 0  3 0 2 0
     -1
    box 2 5  5 0  4 0 1 0
     -4
;
  box 2 5  6 1  3 -1 3 0
   1
    box 2 5  5 1  2 -1 3 0
     -u^(-1)
    box 2 5  5 1  3 -1 2 0
     1/2*(-7+dim)*u^(-1)
    box 2 5  4 0  2 0 2 0
     1/2*u^(-1)
;
  box 2 5  6 1  3 -1 3 0
   1
    box 2 5  6 1  4 -1 2 0
     3/2
    box 2 5  6 0  4 0 2 0
     3/2*u
    box 2 5  5 0  3 0 2 0
     -1
    box 2 5  5 0  4 0 1 0
     -3/2
;
  box 2 5  6 1  3 -1 3 0
   1
    box 2 5  6 1  4 -1 2 0
     3/2
    box 2 5  6 0  3 0 3 0
     u
    box 2 5  5 0  2 0 3 0
     -1
    box 2 5  5 0  3 0 2 0
     -3/2
;
  box 2 5  6 1  3 0 3 -1
   1
    box 2 5  5 1  2 0 3 -1
     -u^(-1)
    box 2 5  5 1  3 0 2 -1
     1/2*(-7+dim)*u^(-1)
    box 2 5  4 0  2 0 2 0
     1/2*u^(-1)
;
  box 2 5  6 1  3 0 3 -1
   1
    box 2 5  6 1  4 0 2 -1
     3/2
    box 2 5  6 0  3 0 3 0
     u
    box 2 5  5 0  2 0 3 0
     -1
    box 2 5  5 0  3 0 2 0
     -3/2
;
  box 2 5  6 1  2 -1 4 0
   1
    box 2 5  5 1  1 -1 4 0
     -u^(-1)
    box 2 5  5 1  2 -1 3 0
     1/3*(-6+dim)*u^(-1)
    box 2 5  4 0  1 0 3 0
     1/3*u^(-1)
;
  box 2 5  6 1  2 -1 4 0
   1
    box 2 5  6 1  3 -1 3 0
     2/3
    box 2 5  6 0  3 0 3 0
     2/3*u
    box 2 5  5 0  2 0 3 0
     -1
    box 2 5  5 0  3 0 2 0
     -2/3
;
  box 2 5  6 1  2 -1 4 0
   1
    box 2 5  6 1  3 -1 3 0
     2/3
    box 2 5  6 0  2 0 4 0
     u
    box 2 5  5 0  1 0 4 0
     -1
    box 2 5  5 0  2 0 3 0
     -2/3
;
  box 2 5  6 1  2 0 4 -1
   1
    box 2 5  5 1  1 0 4 -1
     -u^(-1)
    box 2 5  5 1  2 0 3 -1
     1/3*(-6+dim)*u^(-1)
    box 2 5  4 0  1 0 3 0
     1/3*u^(-1)
;
  box 2 5  6 1  2 0 4 -1
   1
    box 2 5  6 1  3 0 3 -1
     2/3
    box 2 5  6 0  2 0 4 0
     u
    box 2 5  5 0  1 0 4 0
     -1
    box 2 5  5 0  2 0 3 0
     -2/3
;
  box 2 5  6 1  1 -1 5 0
   1
    box 2 5  5 1  1 -1 4 0
     1/4*(-5+dim)*u^(-1)
;
  box 2 5  6 1  1 -1 5 0
   1
    box 2 5  6 1  2 -1 4 0
     1/4
    box 2 5  6 0  2 0 4 0
     1/4*u
    box 2 5  5 0  1 0 4 0
     -1
    box 2 5  5 0  2 0 3 0
     -1/4
;
  box 2 5  6 1  1 -1 5 0
   1
    box 2 5  6 1  2 -1 4 0
     1/4
    box 2 5  6 0  1 0 5 0
     u
    box 2 5  5 0  1 0 4 0
     -1/4
;
  box 2 5  6 1  1 0 5 -1
   1
    box 2 5  5 1  1 0 4 -1
     1/4*(-5+dim)*u^(-1)
;
  box 2 5  6 1  1 0 5 -1
   1
    box 2 5  6 1  2 0 4 -1
     1/4
    box 2 5  6 0  1 0 5 0
     u
    box 2 5  5 0  1 0 4 0
     -1/4
;
  box 2 5  6 2  4 -2 2 0
   1
    box 2 5  5 2  3 -2 2 0
     -u^(-1)
    box 2 5  5 2  4 -2 1 0
     (-7+dim)*u^(-1)
    box 2 5  4 1  3 -1 1 0
     2*u^(-1)
;
  box 2 5  6 2  4 -2 2 0
   1
    box 2 5  6 2  5 -2 1 0
     4
    box 2 5  6 1  5 -1 1 0
     4*u
    box 2 5  5 1  4 -1 1 0
     -2
;
  box 2 5  6 2  4 -2 2 0
   1
    box 2 5  6 2  5 -2 1 0
     4
    box 2 5  6 1  4 -1 2 0
     u
    box 2 5  5 1  3 -1 2 0
     -1
    box 2 5  5 1  4 -1 1 0
     -5
    box 2 5  4 0  3 0 1 0
     1
;
  box 2 5  6 2  4 -1 2 -1
   1
    box 2 5  5 2  3 -1 2 -1
     -u^(-1)
    box 2 5  5 2  4 -1 1 -1
     (-7+dim)*u^(-1)
    box 2 5  4 1  3 0 1 -1
     u^(-1)
    box 2 5  4 1  3 -1 1 0
     u^(-1)
;
  box 2 5  6 2  4 -1 2 -1
   1
    box 2 5  6 2  5 -1 1 -1
     4
    box 2 5  6 1  5 0 1 -1
     4*u
    box 2 5  5 1  4 0 1 -1
     -1
    box 2 5  5 1  4 -1 1 0
     -1
    box 2 5  5 0  4 0 1 0
     -u-t
;
  box 2 5  6 2  4 -1 2 -1
   1
    box 2 5  6 2  5 -1 1 -1
     4
    box 2 5  6 1  4 -1 2 0
     u
    box 2 5  5 1  3 -1 2 0
     -1
    box 2 5  5 1  4 0 1 -1
     -1
    box 2 5  5 1  4 -1 1 0
     -4
    box 2 5  5 0  4 0 1 0
     -u-t
    box 2 5  4 0  3 0 1 0
     1
;
  box 2 5  6 2  4 -1 2 -1
   1
    box 2 5  6 2  5 -1 1 -1
     4
    box 2 5  6 1  4 0 2 -1
     u
    box 2 5  5 1  3 0 2 -1
     -1
    box 2 5  5 1  4 0 1 -1
     -4
    box 2 5  5 1  4 -1 1 0
     -1
    box 2 5  5 0  4 0 1 0
     -u-t
    box 2 5  4 0  3 0 1 0
     1
;
  box 2 5  6 2  4 0 2 -2
   1
    box 2 5  5 2  3 0 2 -2
     -u^(-1)
    box 2 5  5 2  4 0 1 -2
     (-7+dim)*u^(-1)
    box 2 5  4 1  3 0 1 -1
     2*u^(-1)
;
  box 2 5  6 2  4 0 2 -2
   1
    box 2 5  6 2  5 0 1 -2
     4
    box 2 5  6 1  4 0 2 -1
     u
    box 2 5  5 1  3 0 2 -1
     -1
    box 2 5  5 1  4 0 1 -1
     -5
    box 2 5  4 0  3 0 1 0
     1
;
  box 2 5  6 2  3 -2 3 0
   1
    box 2 5  5 2  2 -2 3 0
     -u^(-1)
    box 2 5  5 2  3 -2 2 0
     1/2*(-6+dim)*u^(-1)
    box 2 5  4 1  2 -1 2 0
     u^(-1)
;
  box 2 5  6 2  3 -2 3 0
   1
    box 2 5  6 2  4 -2 2 0
     3/2
    box 2 5  6 1  4 -1 2 0
     3/2*u
    box 2 5  5 1  3 -1 2 0
     -3/2
    box 2 5  5 1  4 -1 1 0
     -3/2
    box 2 5  4 0  3 0 1 0
     1/2
;
  box 2 5  6 2  3 -2 3 0
   1
    box 2 5  6 2  4 -2 2 0
     3/2
    box 2 5  6 1  3 -1 3 0
     u
    box 2 5  5 1  2 -1 3 0
     -1
    box 2 5  5 1  3 -1 2 0
     -2
    box 2 5  4 0  2 0 2 0
     1/2
;
  box 2 5  6 2  3 -1 3 -1
   1
    box 2 5  5 2  2 -1 3 -1
     -u^(-1)
    box 2 5  5 2  3 -1 2 -1
     1/2*(-6+dim)*u^(-1)
    box 2 5  4 1  2 0 2 -1
     1/2*u^(-1)
    box 2 5  4 1  2 -1 2 0
     1/2*u^(-1)
;
  box 2 5  6 2  3 -1 3 -1
   1
    box 2 5  6 2  4 -1 2 -1
     3/2
    box 2 5  6 1  4 0 2 -1
     3/2*u
    box 2 5  5 1  3 0 2 -1
     -1
    box 2 5  5 1  3 -1 2 0
     -1/2
    box 2 5  5 1  4 0 1 -1
     -3/2
    box 2 5  5 0  3 0 2 0
     -1/2*u-1/2*t
    box 2 5  4 0  3 0 1 0
     1/2
;
  box 2 5  6 2  3 -1 3 -1
   1
    box 2 5  6 2  4 -1 2 -1
     3/2
    box 2 5  6 1  3 -1 3 0
     u
    box 2 5  5 1  2 -1 3 0
     -1
    box 2 5  5 1  3 0 2 -1
     -1/2
    box 2 5  5 1  3 -1 2 0
     -3/2
    box 2 5  5 0  3 0 2 0
     -1/2*u-1/2*t
    box 2 5  4 0  2 0 2 0
     1/2
;
  box 2 5  6 2  3 -1 3 -1
   1
    box 2 5  6 2  4 -1 2 -1
     3/2
    box 2 5  6 1  3 0 3 -1
     u
    box 2 5  5 1  2 0 3 -1
     -1
    box 2 5  5 1  3 0 2 -1
     -3/2
    box 2 5  5 1  3 -1 2 0
     -1/2
    box 2 5  5 0  3 0 2 0
     -1/2*u-1/2*t
    box 2 5  4 0  2 0 2 0
     1/2
;
  box 2 5  6 2  3 0 3 -2
   1
    box 2 5  5 2  2 0 3 -2
     -u^(-1)
    box 2 5  5 2  3 0 2 -2
     1/2*(-6+dim)*u^(-1)
    box 2 5  4 1  2 0 2 -1
     u^(-1)
;
  box 2 5  6 2  3 0 3 -2
   1
    box 2 5  6 2  4 0 2 -2
     3/2
    box 2 5  6 1  3 0 3 -1
     u
    box 2 5  5 1  2 0 3 -1
     -1
    box 2 5  5 1  3 0 2 -1
     -2
    box 2 5  4 0  2 0 2 0
     1/2
;
  box 2 5  6 2  2 -2 4 0
   1
    box 2 5  5 2  1 -2 4 0
     -u^(-1)
    box 2 5  5 2  2 -2 3 0
     1/3*(-5+dim)*u^(-1)
    box 2 5  4 1  1 -1 3 0
     2/3*u^(-1)
;
  box 2 5  6 2  2 -2 4 0
   1
    box 2 5  6 2  3 -2 3 0
     2/3
    box 2 5  6 1  3 -1 3 0
     2/3*u
    box 2 5  5 1  2 -1 3 0
     -4/3
    box 2 5  5 1  3 -1 2 0
     -2/3
    box 2 5  4 0  2 0 2 0
     1/3
;
  box 2 5  6 2  2 -2 4 0
   1
    box 2 5  6 2  3 -2 3 0
     2/3
    box 2 5  6 1  2 -1 4 0
     u
    box 2 5  5 1  1 -1 4 0
     -1
    box 2 5  5 1  2 -1 3 0
     -1
    box 2 5  4 0  1 0 3 0
     1/3
;
  box 2 5  6 2  2 -1 4 -1
   1
    box 2 5  5 2  1 -1 4 -1
     -u^(-1)
    box 2 5  5 2  2 -1 3 -1
     1/3*(-5+dim)*u^(-1)
    box 2 5  4 1  1 0 3 -1
     1/3*u^(-1)
    box 2 5  4 1  1 -1 3 0
     1/3*u^(-1)
;
  box 2 5  6 2  2 -1 4 -1
   1
    box 2 5  6 2  3 -1 3 -1
     2/3
    box 2 5  6 1  3 0 3 -1
     2/3*u
    box 2 5  5 1  2 0 3 -1
     -1
    box 2 5  5 1  2 -1 3 0
     -1/3
    box 2 5  5 1  3 0 2 -1
     -2/3
    box 2 5  5 0  2 0 3 0
     -1/3*u-1/3*t
    box 2 5  4 0  2 0 2 0
     1/3
;
  box 2 5  6 2  2 -1 4 -1
   1
    box 2 5  6 2  3 -1 3 -1
     2/3
    box 2 5  6 1  2 -1 4 0
     u
    box 2 5  5 1  1 -1 4 0
     -1
    box 2 5  5 1  2 0 3 -1
     -1/3
    box 2 5  5 1  2 -1 3 0
     -2/3
    box 2 5  5 0  2 0 3 0
     -1/3*u-1/3*t
    box 2 5  4 0  1 0 3 0
     1/3
;
  box 2 5  6 2  2 -1 4 -1
   1
    box 2 5  6 2  3 -1 3 -1
     2/3
    box 2 5  6 1  2 0 4 -1
     u
    box 2 5  5 1  1 0 4 -1
     -1
    box 2 5  5 1  2 0 3 -1
     -2/3
    box 2 5  5 1  2 -1 3 0
     -1/3
    box 2 5  5 0  2 0 3 0
     -1/3*u-1/3*t
    box 2 5  4 0  1 0 3 0
     1/3
;
  box 2 5  6 2  2 0 4 -2
   1
    box 2 5  5 2  1 0 4 -2
     -u^(-1)
    box 2 5  5 2  2 0 3 -2
     1/3*(-5+dim)*u^(-1)
    box 2 5  4 1  1 0 3 -1
     2/3*u^(-1)
;
  box 2 5  6 2  2 0 4 -2
   1
    box 2 5  6 2  3 0 3 -2
     2/3
    box 2 5  6 1  2 0 4 -1
     u
    box 2 5  5 1  1 0 4 -1
     -1
    box 2 5  5 1  2 0 3 -1
     -1
    box 2 5  4 0  1 0 3 0
     1/3
;
  box 2 5  6 2  1 -2 5 0
   1
    box 2 5  5 2  1 -2 4 0
     1/4*(-4+dim)*u^(-1)
;
  box 2 5  6 2  1 -2 5 0
   1
    box 2 5  6 2  2 -2 4 0
     1/4
    box 2 5  6 1  2 -1 4 0
     1/4*u
    box 2 5  5 1  1 -1 4 0
     -5/4
    box 2 5  5 1  2 -1 3 0
     -1/4
    box 2 5  4 0  1 0 3 0
     1/4
;
  box 2 5  6 2  1 -2 5 0
   1
    box 2 5  6 2  2 -2 4 0
     1/4
    box 2 5  6 1  1 -1 5 0
     u
    box 2 5  5 1  1 -1 4 0
     -1/2
;
  box 2 5  6 2  1 -1 5 -1
   1
    box 2 5  5 2  1 -1 4 -1
     1/4*(-4+dim)*u^(-1)
;
  box 2 5  6 2  1 -1 5 -1
   1
    box 2 5  6 2  2 -1 4 -1
     1/4
    box 2 5  6 1  2 0 4 -1
     1/4*u
    box 2 5  5 1  1 0 4 -1
     -1
    box 2 5  5 1  1 -1 4 0
     -1/4
    box 2 5  5 1  2 0 3 -1
     -1/4
    box 2 5  5 0  1 0 4 0
     -1/4*u-1/4*t
    box 2 5  4 0  1 0 3 0
     1/4
;
  box 2 5  6 2  1 -1 5 -1
   1
    box 2 5  6 2  2 -1 4 -1
     1/4
    box 2 5  6 1  1 -1 5 0
     u
    box 2 5  5 1  1 0 4 -1
     -1/4
    box 2 5  5 1  1 -1 4 0
     -1/4
    box 2 5  5 0  1 0 4 0
     -1/4*u-1/4*t
;
  box 2 5  6 2  1 -1 5 -1
   1
    box 2 5  6 2  2 -1 4 -1
     1/4
    box 2 5  6 1  1 0 5 -1
     u
    box 2 5  5 1  1 0 4 -1
     -1/4
    box 2 5  5 1  1 -1 4 0
     -1/4
    box 2 5  5 0  1 0 4 0
     -1/4*u-1/4*t
;
  box 2 5  6 2  1 0 5 -2
   1
    box 2 5  5 2  1 0 4 -2
     1/4*(-4+dim)*u^(-1)
;
  box 2 5  6 2  1 0 5 -2
   1
    box 2 5  6 2  2 0 4 -2
     1/4
    box 2 5  6 1  1 0 5 -1
     u
    box 2 5  5 1  1 0 4 -1
     -1/2
;
  box 2 5  6 3  4 -3 2 0
   1
    box 2 5  5 3  3 -3 2 0
     -u^(-1)
    box 2 5  5 3  4 -3 1 0
     (-6+dim)*u^(-1)
    box 2 5  4 2  3 -2 1 0
     3*u^(-1)
;
  box 2 5  6 3  4 -3 2 0
   1
    box 2 5  6 3  5 -3 1 0
     4
    box 2 5  6 2  5 -2 1 0
     4*u
    box 2 5  5 2  4 -2 1 0
     -3
;
  box 2 5  6 3  4 -3 2 0
   1
    box 2 5  6 3  5 -3 1 0
     4
    box 2 5  6 2  4 -2 2 0
     u
    box 2 5  5 2  3 -2 2 0
     -1
    box 2 5  5 2  4 -2 1 0
     -6
    box 2 5  4 1  3 -1 1 0
     2
;
  box 2 5  6 3  4 -2 2 -1
   1
    box 2 5  5 3  3 -2 2 -1
     -u^(-1)
    box 2 5  5 3  4 -2 1 -1
     (-6+dim)*u^(-1)
    box 2 5  4 2  3 -1 1 -1
     2*u^(-1)
    box 2 5  4 2  3 -2 1 0
     u^(-1)
;
  box 2 5  6 3  4 -2 2 -1
   1
    box 2 5  6 3  5 -2 1 -1
     4
    box 2 5  6 2  5 -1 1 -1
     4*u
    box 2 5  5 2  4 -1 1 -1
     -2
    box 2 5  5 2  4 -2 1 0
     -1
    box 2 5  5 1  4 -1 1 0
     -u-t
;
  box 2 5  6 3  4 -2 2 -1
   1
    box 2 5  6 3  5 -2 1 -1
     4
    box 2 5  6 2  4 -2 2 0
     u
    box 2 5  5 2  3 -2 2 0
     -1
    box 2 5  5 2  4 -1 1 -1
     -2
    box 2 5  5 2  4 -2 1 0
     -4
    box 2 5  5 1  4 -1 1 0
     -2*u-2*t
    box 2 5  4 1  3 -1 1 0
     2
;
  box 2 5  6 3  4 -2 2 -1
   1
    box 2 5  6 3  5 -2 1 -1
     4
    box 2 5  6 2  4 -1 2 -1
     u
    box 2 5  5 2  3 -1 2 -1
     -1
    box 2 5  5 2  4 -1 1 -1
     -5
    box 2 5  5 2  4 -2 1 0
     -1
    box 2 5  5 1  4 -1 1 0
     -u-t
    box 2 5  4 1  3 0 1 -1
     1
    box 2 5  4 1  3 -1 1 0
     1
;
  box 2 5  6 3  4 -1 2 -2
   1
    box 2 5  5 3  3 -1 2 -2
     -u^(-1)
    box 2 5  5 3  4 -1 1 -2
     (-6+dim)*u^(-1)
    box 2 5  4 2  3 0 1 -2
     u^(-1)
    box 2 5  4 2  3 -1 1 -1
     2*u^(-1)
;
  box 2 5  6 3  4 -1 2 -2
   1
    box 2 5  6 3  5 -1 1 -2
     4
    box 2 5  6 2  5 0 1 -2
     4*u
    box 2 5  5 2  4 0 1 -2
     -1
    box 2 5  5 2  4 -1 1 -1
     -2
    box 2 5  5 1  4 0 1 -1
     -2*u-2*t
;
  box 2 5  6 3  4 -1 2 -2
   1
    box 2 5  6 3  5 -1 1 -2
     4
    box 2 5  6 2  4 -1 2 -1
     u
    box 2 5  5 2  3 -1 2 -1
     -1
    box 2 5  5 2  4 0 1 -2
     -1
    box 2 5  5 2  4 -1 1 -1
     -5
    box 2 5  5 1  4 0 1 -1
     -u-t
    box 2 5  4 1  3 0 1 -1
     1
    box 2 5  4 1  3 -1 1 0
     1
;
  box 2 5  6 3  4 -1 2 -2
   1
    box 2 5  6 3  5 -1 1 -2
     4
    box 2 5  6 2  4 0 2 -2
     u
    box 2 5  5 2  3 0 2 -2
     -1
    box 2 5  5 2  4 0 1 -2
     -4
    box 2 5  5 2  4 -1 1 -1
     -2
    box 2 5  5 1  4 0 1 -1
     -2*u-2*t
    box 2 5  4 1  3 0 1 -1
     2
;
  box 2 5  6 3  4 0 2 -3
   1
    box 2 5  5 3  3 0 2 -3
     -u^(-1)
    box 2 5  5 3  4 0 1 -3
     (-6+dim)*u^(-1)
    box 2 5  4 2  3 0 1 -2
     3*u^(-1)
;
  box 2 5  6 3  4 0 2 -3
   1
    box 2 5  6 3  5 0 1 -3
     4
    box 2 5  6 2  4 0 2 -2
     u
    box 2 5  5 2  3 0 2 -2
     -1
    box 2 5  5 2  4 0 1 -2
     -6
    box 2 5  4 1  3 0 1 -1
     2
;
  box 2 5  6 3  3 -3 3 0
   1
    box 2 5  5 3  2 -3 3 0
     -u^(-1)
    box 2 5  5 3  3 -3 2 0
     1/2*(-5+dim)*u^(-1)
    box 2 5  4 2  2 -2 2 0
     3/2*u^(-1)
;
  box 2 5  6 3  3 -3 3 0
   1
    box 2 5  6 3  4 -3 2 0
     3/2
    box 2 5  6 2  4 -2 2 0
     3/2*u
    box 2 5  5 2  3 -2 2 0
     -2
    box 2 5  5 2  4 -2 1 0
     -3/2
    box 2 5  4 1  3 -1 1 0
     1
;
  box 2 5  6 3  3 -3 3 0
   1
    box 2 5  6 3  4 -3 2 0
     3/2
    box 2 5  6 2  3 -2 3 0
     u
    box 2 5  5 2  2 -2 3 0
     -1
    box 2 5  5 2  3 -2 2 0
     -5/2
    box 2 5  4 1  2 -1 2 0
     1
;
  box 2 5  6 3  3 -2 3 -1
   1
    box 2 5  5 3  2 -2 3 -1
     -u^(-1)
    box 2 5  5 3  3 -2 2 -1
     1/2*(-5+dim)*u^(-1)
    box 2 5  4 2  2 -1 2 -1
     u^(-1)
    box 2 5  4 2  2 -2 2 0
     1/2*u^(-1)
;
  box 2 5  6 3  3 -2 3 -1
   1
    box 2 5  6 3  4 -2 2 -1
     3/2
    box 2 5  6 2  4 -1 2 -1
     3/2*u
    box 2 5  5 2  3 -1 2 -1
     -3/2
    box 2 5  5 2  3 -2 2 0
     -1/2
    box 2 5  5 2  4 -1 1 -1
     -3/2
    box 2 5  5 1  3 -1 2 0
     -1/2*u-1/2*t
    box 2 5  4 1  3 0 1 -1
     1/2
    box 2 5  4 1  3 -1 1 0
     1/2
;
  box 2 5  6 3  3 -2 3 -1
   1
    box 2 5  6 3  4 -2 2 -1
     3/2
    box 2 5  6 2  3 -2 3 0
     u
    box 2 5  5 2  2 -2 3 0
     -1
    box 2 5  5 2  3 -1 2 -1
     -1
    box 2 5  5 2  3 -2 2 0
     -3/2
    box 2 5  5 1  3 -1 2 0
     -u-t
    box 2 5  4 1  2 -1 2 0
     1
;
  box 2 5  6 3  3 -2 3 -1
   1
    box 2 5  6 3  4 -2 2 -1
     3/2
    box 2 5  6 2  3 -1 3 -1
     u
    box 2 5  5 2  2 -1 3 -1
     -1
    box 2 5  5 2  3 -1 2 -1
     -2
    box 2 5  5 2  3 -2 2 0
     -1/2
    box 2 5  5 1  3 -1 2 0
     -1/2*u-1/2*t
    box 2 5  4 1  2 0 2 -1
     1/2
    box 2 5  4 1  2 -1 2 0
     1/2
;
  box 2 5  6 3  3 -1 3 -2
   1
    box 2 5  5 3  2 -1 3 -2
     -u^(-1)
    box 2 5  5 3  3 -1 2 -2
     1/2*(-5+dim)*u^(-1)
    box 2 5  4 2  2 0 2 -2
     1/2*u^(-1)
    box 2 5  4 2  2 -1 2 -1
     u^(-1)
;
  box 2 5  6 3  3 -1 3 -2
   1
    box 2 5  6 3  4 -1 2 -2
     3/2
    box 2 5  6 2  4 0 2 -2
     3/2*u
    box 2 5  5 2  3 0 2 -2
     -1
    box 2 5  5 2  3 -1 2 -1
     -1
    box 2 5  5 2  4 0 1 -2
     -3/2
    box 2 5  5 1  3 0 2 -1
     -u-t
    box 2 5  4 1  3 0 1 -1
     1
;
  box 2 5  6 3  3 -1 3 -2
   1
    box 2 5  6 3  4 -1 2 -2
     3/2
    box 2 5  6 2  3 -1 3 -1
     u
    box 2 5  5 2  2 -1 3 -1
     -1
    box 2 5  5 2  3 0 2 -2
     -1/2
    box 2 5  5 2  3 -1 2 -1
     -2
    box 2 5  5 1  3 0 2 -1
     -1/2*u-1/2*t
    box 2 5  4 1  2 0 2 -1
     1/2
    box 2 5  4 1  2 -1 2 0
     1/2
;
  box 2 5  6 3  3 -1 3 -2
   1
    box 2 5  6 3  4 -1 2 -2
     3/2
    box 2 5  6 2  3 0 3 -2
     u
    box 2 5  5 2  2 0 3 -2
     -1
    box 2 5  5 2  3 0 2 -2
     -3/2
    box 2 5  5 2  3 -1 2 -1
     -1
    box 2 5  5 1  3 0 2 -1
     -u-t
    box 2 5  4 1  2 0 2 -1
     1
;
  box 2 5  6 3  3 0 3 -3
   1
    box 2 5  5 3  2 0 3 -3
     -u^(-1)
    box 2 5  5 3  3 0 2 -3
     1/2*(-5+dim)*u^(-1)
    box 2 5  4 2  2 0 2 -2
     3/2*u^(-1)
;
  box 2 5  6 3  3 0 3 -3
   1
    box 2 5  6 3  4 0 2 -3
     3/2
    box 2 5  6 2  3 0 3 -2
     u
    box 2 5  5 2  2 0 3 -2
     -1
    box 2 5  5 2  3 0 2 -2
     -5/2
    box 2 5  4 1  2 0 2 -1
     1
;
  box 2 5  6 3  2 -3 4 0
   1
    box 2 5  5 3  1 -3 4 0
     -u^(-1)
    box 2 5  5 3  2 -3 3 0
     1/3*(-4+dim)*u^(-1)
    box 2 5  4 2  1 -2 3 0
     u^(-1)
;
  box 2 5  6 3  2 -3 4 0
   1
    box 2 5  6 3  3 -3 3 0
     2/3
    box 2 5  6 2  3 -2 3 0
     2/3*u
    box 2 5  5 2  2 -2 3 0
     -5/3
    box 2 5  5 2  3 -2 2 0
     -2/3
    box 2 5  4 1  2 -1 2 0
     2/3
;
  box 2 5  6 3  2 -3 4 0
   1
    box 2 5  6 3  3 -3 3 0
     2/3
    box 2 5  6 2  2 -2 4 0
     u
    box 2 5  5 2  1 -2 4 0
     -1
    box 2 5  5 2  2 -2 3 0
     -4/3
    box 2 5  4 1  1 -1 3 0
     2/3
;
  box 2 5  6 3  2 -2 4 -1
   1
    box 2 5  5 3  1 -2 4 -1
     -u^(-1)
    box 2 5  5 3  2 -2 3 -1
     1/3*(-4+dim)*u^(-1)
    box 2 5  4 2  1 -1 3 -1
     2/3*u^(-1)
    box 2 5  4 2  1 -2 3 0
     1/3*u^(-1)
;
  box 2 5  6 3  2 -2 4 -1
   1
    box 2 5  6 3  3 -2 3 -1
     2/3
    box 2 5  6 2  3 -1 3 -1
     2/3*u
    box 2 5  5 2  2 -1 3 -1
     -4/3
    box 2 5  5 2  2 -2 3 0
     -1/3
    box 2 5  5 2  3 -1 2 -1
     -2/3
    box 2 5  5 1  2 -1 3 0
     -1/3*u-1/3*t
    box 2 5  4 1  2 0 2 -1
     1/3
    box 2 5  4 1  2 -1 2 0
     1/3
;
  box 2 5  6 3  2 -2 4 -1
   1
    box 2 5  6 3  3 -2 3 -1
     2/3
    box 2 5  6 2  2 -2 4 0
     u
    box 2 5  5 2  1 -2 4 0
     -1
    box 2 5  5 2  2 -1 3 -1
     -2/3
    box 2 5  5 2  2 -2 3 0
     -2/3
    box 2 5  5 1  2 -1 3 0
     -2/3*u-2/3*t
    box 2 5  4 1  1 -1 3 0
     2/3
;
  box 2 5  6 3  2 -2 4 -1
   1
    box 2 5  6 3  3 -2 3 -1
     2/3
    box 2 5  6 2  2 -1 4 -1
     u
    box 2 5  5 2  1 -1 4 -1
     -1
    box 2 5  5 2  2 -1 3 -1
     -1
    box 2 5  5 2  2 -2 3 0
     -1/3
    box 2 5  5 1  2 -1 3 0
     -1/3*u-1/3*t
    box 2 5  4 1  1 0 3 -1
     1/3
    box 2 5  4 1  1 -1 3 0
     1/3
;
  box 2 5  6 3  2 -1 4 -2
   1
    box 2 5  5 3  1 -1 4 -2
     -u^(-1)
    box 2 5  5 3  2 -1 3 -2
     1/3*(-4+dim)*u^(-1)
    box 2 5  4 2  1 0 3 -2
     1/3*u^(-1)
    box 2 5  4 2  1 -1 3 -1
     2/3*u^(-1)
;
  box 2 5  6 3  2 -1 4 -2
   1
    box 2 5  6 3  3 -1 3 -2
     2/3
    box 2 5  6 2  3 0 3 -2
     2/3*u
    box 2 5  5 2  2 0 3 -2
     -1
    box 2 5  5 2  2 -1 3 -1
     -2/3
    box 2 5  5 2  3 0 2 -2
     -2/3
    box 2 5  5 1  2 0 3 -1
     -2/3*u-2/3*t
    box 2 5  4 1  2 0 2 -1
     2/3
;
  box 2 5  6 3  2 -1 4 -2
   1
    box 2 5  6 3  3 -1 3 -2
     2/3
    box 2 5  6 2  2 -1 4 -1
     u
    box 2 5  5 2  1 -1 4 -1
     -1
    box 2 5  5 2  2 0 3 -2
     -1/3
    box 2 5  5 2  2 -1 3 -1
     -1
    box 2 5  5 1  2 0 3 -1
     -1/3*u-1/3*t
    box 2 5  4 1  1 0 3 -1
     1/3
    box 2 5  4 1  1 -1 3 0
     1/3
;
  box 2 5  6 3  2 -1 4 -2
   1
    box 2 5  6 3  3 -1 3 -2
     2/3
    box 2 5  6 2  2 0 4 -2
     u
    box 2 5  5 2  1 0 4 -2
     -1
    box 2 5  5 2  2 0 3 -2
     -2/3
    box 2 5  5 2  2 -1 3 -1
     -2/3
    box 2 5  5 1  2 0 3 -1
     -2/3*u-2/3*t
    box 2 5  4 1  1 0 3 -1
     2/3
;
  box 2 5  6 3  2 0 4 -3
   1
    box 2 5  5 3  1 0 4 -3
     -u^(-1)
    box 2 5  5 3  2 0 3 -3
     1/3*(-4+dim)*u^(-1)
    box 2 5  4 2  1 0 3 -2
     u^(-1)
;
  box 2 5  6 3  2 0 4 -3
   1
    box 2 5  6 3  3 0 3 -3
     2/3
    box 2 5  6 2  2 0 4 -2
     u
    box 2 5  5 2  1 0 4 -2
     -1
    box 2 5  5 2  2 0 3 -2
     -4/3
    box 2 5  4 1  1 0 3 -1
     2/3
;
  box 2 5  6 3  1 -3 5 0
   1
    box 2 5  5 3  1 -3 4 0
     1/4*u^(-1)*(-3+dim)
;
  box 2 5  6 3  1 -3 5 0
   1
    box 2 5  6 3  2 -3 4 0
     1/4
    box 2 5  6 2  2 -2 4 0
     1/4*u
    box 2 5  5 2  1 -2 4 0
     -3/2
    box 2 5  5 2  2 -2 3 0
     -1/4
    box 2 5  4 1  1 -1 3 0
     1/2
;
  box 2 5  6 3  1 -3 5 0
   1
    box 2 5  6 3  2 -3 4 0
     1/4
    box 2 5  6 2  1 -2 5 0
     u
    box 2 5  5 2  1 -2 4 0
     -3/4
;
  box 2 5  6 3  1 -2 5 -1
   1
    box 2 5  5 3  1 -2 4 -1
     1/4*u^(-1)*(-3+dim)
;
  box 2 5  6 3  1 -2 5 -1
   1
    box 2 5  6 3  2 -2 4 -1
     1/4
    box 2 5  6 2  2 -1 4 -1
     1/4*u
    box 2 5  5 2  1 -1 4 -1
     -5/4
    box 2 5  5 2  1 -2 4 0
     -1/4
    box 2 5  5 2  2 -1 3 -1
     -1/4
    box 2 5  5 1  1 -1 4 0
     -1/4*u-1/4*t
    box 2 5  4 1  1 0 3 -1
     1/4
    box 2 5  4 1  1 -1 3 0
     1/4
;
  box 2 5  6 3  1 -2 5 -1
   1
    box 2 5  6 3  2 -2 4 -1
     1/4
    box 2 5  6 2  1 -2 5 0
     u
    box 2 5  5 2  1 -1 4 -1
     -1/2
    box 2 5  5 2  1 -2 4 0
     -1/4
    box 2 5  5 1  1 -1 4 0
     -1/2*u-1/2*t
;
  box 2 5  6 3  1 -2 5 -1
   1
    box 2 5  6 3  2 -2 4 -1
     1/4
    box 2 5  6 2  1 -1 5 -1
     u
    box 2 5  5 2  1 -1 4 -1
     -1/2
    box 2 5  5 2  1 -2 4 0
     -1/4
    box 2 5  5 1  1 -1 4 0
     -1/4*u-1/4*t
;
  box 2 5  6 3  1 -1 5 -2
   1
    box 2 5  5 3  1 -1 4 -2
     1/4*u^(-1)*(-3+dim)
;
  box 2 5  6 3  1 -1 5 -2
   1
    box 2 5  6 3  2 -1 4 -2
     1/4
    box 2 5  6 2  2 0 4 -2
     1/4*u
    box 2 5  5 2  1 0 4 -2
     -1
    box 2 5  5 2  1 -1 4 -1
     -1/2
    box 2 5  5 2  2 0 3 -2
     -1/4
    box 2 5  5 1  1 0 4 -1
     -1/2*u-1/2*t
    box 2 5  4 1  1 0 3 -1
     1/2
;
  box 2 5  6 3  1 -1 5 -2
   1
    box 2 5  6 3  2 -1 4 -2
     1/4
    box 2 5  6 2  1 -1 5 -1
     u
    box 2 5  5 2  1 0 4 -2
     -1/4
    box 2 5  5 2  1 -1 4 -1
     -1/2
    box 2 5  5 1  1 0 4 -1
     -1/4*u-1/4*t
;
  box 2 5  6 3  1 -1 5 -2
   1
    box 2 5  6 3  2 -1 4 -2
     1/4
    box 2 5  6 2  1 0 5 -2
     u
    box 2 5  5 2  1 0 4 -2
     -1/4
    box 2 5  5 2  1 -1 4 -1
     -1/2
    box 2 5  5 1  1 0 4 -1
     -1/2*u-1/2*t
;
  box 2 5  6 3  1 0 5 -3
   1
    box 2 5  5 3  1 0 4 -3
     1/4*u^(-1)*(-3+dim)
;
  box 2 5  6 3  1 0 5 -3
   1
    box 2 5  6 3  2 0 4 -3
     1/4
    box 2 5  6 2  1 0 5 -2
     u
    box 2 5  5 2  1 0 4 -2
     -3/4
;
  box 2 5  6 4  4 -4 2 0
   1
    box 2 5  5 4  3 -4 2 0
     -u^(-1)
    box 2 5  5 4  4 -4 1 0
     (-5+dim)*u^(-1)
    box 2 5  4 3  3 -3 1 0
     4*u^(-1)
;
  box 2 5  6 4  4 -4 2 0
   1
    box 2 5  6 4  5 -4 1 0
     4
    box 2 5  6 3  5 -3 1 0
     4*u
    box 2 5  5 3  4 -3 1 0
     -4
;
  box 2 5  6 4  4 -4 2 0
   1
    box 2 5  6 4  5 -4 1 0
     4
    box 2 5  6 3  4 -3 2 0
     u
    box 2 5  5 3  3 -3 2 0
     -1
    box 2 5  5 3  4 -3 1 0
     -7
    box 2 5  4 2  3 -2 1 0
     3
;
  box 2 5  6 4  4 -3 2 -1
   1
    box 2 5  5 4  3 -3 2 -1
     -u^(-1)
    box 2 5  5 4  4 -3 1 -1
     (-5+dim)*u^(-1)
    box 2 5  4 3  3 -2 1 -1
     3*u^(-1)
    box 2 5  4 3  3 -3 1 0
     u^(-1)
;
  box 2 5  6 4  4 -3 2 -1
   1
    box 2 5  6 4  5 -3 1 -1
     4
    box 2 5  6 3  5 -2 1 -1
     4*u
    box 2 5  5 3  4 -2 1 -1
     -3
    box 2 5  5 3  4 -3 1 0
     -1
    box 2 5  5 2  4 -2 1 0
     -u-t
;
  box 2 5  6 4  4 -3 2 -1
   1
    box 2 5  6 4  5 -3 1 -1
     4
    box 2 5  6 3  4 -3 2 0
     u
    box 2 5  5 3  3 -3 2 0
     -1
    box 2 5  5 3  4 -2 1 -1
     -3
    box 2 5  5 3  4 -3 1 0
     -4
    box 2 5  5 2  4 -2 1 0
     -3*u-3*t
    box 2 5  4 2  3 -2 1 0
     3
;
  box 2 5  6 4  4 -3 2 -1
   1
    box 2 5  6 4  5 -3 1 -1
     4
    box 2 5  6 3  4 -2 2 -1
     u
    box 2 5  5 3  3 -2 2 -1
     -1
    box 2 5  5 3  4 -2 1 -1
     -6
    box 2 5  5 3  4 -3 1 0
     -1
    box 2 5  5 2  4 -2 1 0
     -u-t
    box 2 5  4 2  3 -1 1 -1
     2
    box 2 5  4 2  3 -2 1 0
     1
;
  box 2 5  6 4  4 -2 2 -2
   1
    box 2 5  5 4  3 -2 2 -2
     -u^(-1)
    box 2 5  5 4  4 -2 1 -2
     (-5+dim)*u^(-1)
    box 2 5  4 3  3 -1 1 -2
     2*u^(-1)
    box 2 5  4 3  3 -2 1 -1
     2*u^(-1)
;
  box 2 5  6 4  4 -2 2 -2
   1
    box 2 5  6 4  5 -2 1 -2
     4
    box 2 5  6 3  5 -1 1 -2
     4*u
    box 2 5  5 3  4 -1 1 -2
     -2
    box 2 5  5 3  4 -2 1 -1
     -2
    box 2 5  5 2  4 -1 1 -1
     -2*u-2*t
;
  box 2 5  6 4  4 -2 2 -2
   1
    box 2 5  6 4  5 -2 1 -2
     4
    box 2 5  6 3  4 -2 2 -1
     u
    box 2 5  5 3  3 -2 2 -1
     -1
    box 2 5  5 3  4 -1 1 -2
     -2
    box 2 5  5 3  4 -2 1 -1
     -5
    box 2 5  5 2  4 -1 1 -1
     -2*u-2*t
    box 2 5  4 2  3 -1 1 -1
     2
    box 2 5  4 2  3 -2 1 0
     1
;
  box 2 5  6 4  4 -2 2 -2
   1
    box 2 5  6 4  5 -2 1 -2
     4
    box 2 5  6 3  4 -1 2 -2
     u
    box 2 5  5 3  3 -1 2 -2
     -1
    box 2 5  5 3  4 -1 1 -2
     -5
    box 2 5  5 3  4 -2 1 -1
     -2
    box 2 5  5 2  4 -1 1 -1
     -2*u-2*t
    box 2 5  4 2  3 0 1 -2
     1
    box 2 5  4 2  3 -1 1 -1
     2
;
  box 2 5  6 4  4 -1 2 -3
   1
    box 2 5  5 4  3 -1 2 -3
     -u^(-1)
    box 2 5  5 4  4 -1 1 -3
     (-5+dim)*u^(-1)
    box 2 5  4 3  3 0 1 -3
     u^(-1)
    box 2 5  4 3  3 -1 1 -2
     3*u^(-1)
;
  box 2 5  6 4  4 -1 2 -3
   1
    box 2 5  6 4  5 -1 1 -3
     4
    box 2 5  6 3  5 0 1 -3
     4*u
    box 2 5  5 3  4 0 1 -3
     -1
    box 2 5  5 3  4 -1 1 -2
     -3
    box 2 5  5 2  4 0 1 -2
     -3*u-3*t
;
  box 2 5  6 4  4 -1 2 -3
   1
    box 2 5  6 4  5 -1 1 -3
     4
    box 2 5  6 3  4 -1 2 -2
     u
    box 2 5  5 3  3 -1 2 -2
     -1
    box 2 5  5 3  4 0 1 -3
     -1
    box 2 5  5 3  4 -1 1 -2
     -6
    box 2 5  5 2  4 0 1 -2
     -u-t
    box 2 5  4 2  3 0 1 -2
     1
    box 2 5  4 2  3 -1 1 -1
     2
;
  box 2 5  6 4  4 -1 2 -3
   1
    box 2 5  6 4  5 -1 1 -3
     4
    box 2 5  6 3  4 0 2 -3
     u
    box 2 5  5 3  3 0 2 -3
     -1
    box 2 5  5 3  4 0 1 -3
     -4
    box 2 5  5 3  4 -1 1 -2
     -3
    box 2 5  5 2  4 0 1 -2
     -3*u-3*t
    box 2 5  4 2  3 0 1 -2
     3
;
  box 2 5  6 4  4 0 2 -4
   1
    box 2 5  5 4  3 0 2 -4
     -u^(-1)
    box 2 5  5 4  4 0 1 -4
     (-5+dim)*u^(-1)
    box 2 5  4 3  3 0 1 -3
     4*u^(-1)
;
  box 2 5  6 4  4 0 2 -4
   1
    box 2 5  6 4  5 0 1 -4
     4
    box 2 5  6 3  4 0 2 -3
     u
    box 2 5  5 3  3 0 2 -3
     -1
    box 2 5  5 3  4 0 1 -3
     -7
    box 2 5  4 2  3 0 1 -2
     3
;
  box 2 5  6 4  3 -4 3 0
   1
    box 2 5  5 4  2 -4 3 0
     -u^(-1)
    box 2 5  5 4  3 -4 2 0
     1/2*(-4+dim)*u^(-1)
    box 2 5  4 3  2 -3 2 0
     2*u^(-1)
;
  box 2 5  6 4  3 -4 3 0
   1
    box 2 5  6 4  4 -4 2 0
     3/2
    box 2 5  6 3  4 -3 2 0
     3/2*u
    box 2 5  5 3  3 -3 2 0
     -5/2
    box 2 5  5 3  4 -3 1 0
     -3/2
    box 2 5  4 2  3 -2 1 0
     3/2
;
  box 2 5  6 4  3 -4 3 0
   1
    box 2 5  6 4  4 -4 2 0
     3/2
    box 2 5  6 3  3 -3 3 0
     u
    box 2 5  5 3  2 -3 3 0
     -1
    box 2 5  5 3  3 -3 2 0
     -3
    box 2 5  4 2  2 -2 2 0
     3/2
;
  box 2 5  6 4  3 -3 3 -1
   1
    box 2 5  5 4  2 -3 3 -1
     -u^(-1)
    box 2 5  5 4  3 -3 2 -1
     1/2*(-4+dim)*u^(-1)
    box 2 5  4 3  2 -2 2 -1
     3/2*u^(-1)
    box 2 5  4 3  2 -3 2 0
     1/2*u^(-1)
;
  box 2 5  6 4  3 -3 3 -1
   1
    box 2 5  6 4  4 -3 2 -1
     3/2
    box 2 5  6 3  4 -2 2 -1
     3/2*u
    box 2 5  5 3  3 -2 2 -1
     -2
    box 2 5  5 3  3 -3 2 0
     -1/2
    box 2 5  5 3  4 -2 1 -1
     -3/2
    box 2 5  5 2  3 -2 2 0
     -1/2*u-1/2*t
    box 2 5  4 2  3 -1 1 -1
     1
    box 2 5  4 2  3 -2 1 0
     1/2
;
  box 2 5  6 4  3 -3 3 -1
   1
    box 2 5  6 4  4 -3 2 -1
     3/2
    box 2 5  6 3  3 -3 3 0
     u
    box 2 5  5 3  2 -3 3 0
     -1
    box 2 5  5 3  3 -2 2 -1
     -3/2
    box 2 5  5 3  3 -3 2 0
     -3/2
    box 2 5  5 2  3 -2 2 0
     -3/2*u-3/2*t
    box 2 5  4 2  2 -2 2 0
     3/2
;
  box 2 5  6 4  3 -3 3 -1
   1
    box 2 5  6 4  4 -3 2 -1
     3/2
    box 2 5  6 3  3 -2 3 -1
     u
    box 2 5  5 3  2 -2 3 -1
     -1
    box 2 5  5 3  3 -2 2 -1
     -5/2
    box 2 5  5 3  3 -3 2 0
     -1/2
    box 2 5  5 2  3 -2 2 0
     -1/2*u-1/2*t
    box 2 5  4 2  2 -1 2 -1
     1
    box 2 5  4 2  2 -2 2 0
     1/2
;
  box 2 5  6 4  3 -2 3 -2
   1
    box 2 5  5 4  2 -2 3 -2
     -u^(-1)
    box 2 5  5 4  3 -2 2 -2
     1/2*(-4+dim)*u^(-1)
    box 2 5  4 3  2 -1 2 -2
     u^(-1)
    box 2 5  4 3  2 -2 2 -1
     u^(-1)
;
  box 2 5  6 4  3 -2 3 -2
   1
    box 2 5  6 4  4 -2 2 -2
     3/2
    box 2 5  6 3  4 -1 2 -2
     3/2*u
    box 2 5  5 3  3 -1 2 -2
     -3/2
    box 2 5  5 3  3 -2 2 -1
     -1
    box 2 5  5 3  4 -1 1 -2
     -3/2
    box 2 5  5 2  3 -1 2 -1
     -u-t
    box 2 5  4 2  3 0 1 -2
     1/2
    box 2 5  4 2  3 -1 1 -1
     1
;
  box 2 5  6 4  3 -2 3 -2
   1
    box 2 5  6 4  4 -2 2 -2
     3/2
    box 2 5  6 3  3 -2 3 -1
     u
    box 2 5  5 3  2 -2 3 -1
     -1
    box 2 5  5 3  3 -1 2 -2
     -1
    box 2 5  5 3  3 -2 2 -1
     -2
    box 2 5  5 2  3 -1 2 -1
     -u-t
    box 2 5  4 2  2 -1 2 -1
     1
    box 2 5  4 2  2 -2 2 0
     1/2
;
  box 2 5  6 4  3 -2 3 -2
   1
    box 2 5  6 4  4 -2 2 -2
     3/2
    box 2 5  6 3  3 -1 3 -2
     u
    box 2 5  5 3  2 -1 3 -2
     -1
    box 2 5  5 3  3 -1 2 -2
     -2
    box 2 5  5 3  3 -2 2 -1
     -1
    box 2 5  5 2  3 -1 2 -1
     -u-t
    box 2 5  4 2  2 0 2 -2
     1/2
    box 2 5  4 2  2 -1 2 -1
     1
;
  box 2 5  6 4  3 -1 3 -3
   1
    box 2 5  5 4  2 -1 3 -3
     -u^(-1)
    box 2 5  5 4  3 -1 2 -3
     1/2*(-4+dim)*u^(-1)
    box 2 5  4 3  2 0 2 -3
     1/2*u^(-1)
    box 2 5  4 3  2 -1 2 -2
     3/2*u^(-1)
;
  box 2 5  6 4  3 -1 3 -3
   1
    box 2 5  6 4  4 -1 2 -3
     3/2
    box 2 5  6 3  4 0 2 -3
     3/2*u
    box 2 5  5 3  3 0 2 -3
     -1
    box 2 5  5 3  3 -1 2 -2
     -3/2
    box 2 5  5 3  4 0 1 -3
     -3/2
    box 2 5  5 2  3 0 2 -2
     -3/2*u-3/2*t
    box 2 5  4 2  3 0 1 -2
     3/2
;
  box 2 5  6 4  3 -1 3 -3
   1
    box 2 5  6 4  4 -1 2 -3
     3/2
    box 2 5  6 3  3 -1 3 -2
     u
    box 2 5  5 3  2 -1 3 -2
     -1
    box 2 5  5 3  3 0 2 -3
     -1/2
    box 2 5  5 3  3 -1 2 -2
     -5/2
    box 2 5  5 2  3 0 2 -2
     -1/2*u-1/2*t
    box 2 5  4 2  2 0 2 -2
     1/2
    box 2 5  4 2  2 -1 2 -1
     1
;
  box 2 5  6 4  3 -1 3 -3
   1
    box 2 5  6 4  4 -1 2 -3
     3/2
    box 2 5  6 3  3 0 3 -3
     u
    box 2 5  5 3  2 0 3 -3
     -1
    box 2 5  5 3  3 0 2 -3
     -3/2
    box 2 5  5 3  3 -1 2 -2
     -3/2
    box 2 5  5 2  3 0 2 -2
     -3/2*u-3/2*t
    box 2 5  4 2  2 0 2 -2
     3/2
;
  box 2 5  6 4  3 0 3 -4
   1
    box 2 5  5 4  2 0 3 -4
     -u^(-1)
    box 2 5  5 4  3 0 2 -4
     1/2*(-4+dim)*u^(-1)
    box 2 5  4 3  2 0 2 -3
     2*u^(-1)
;
  box 2 5  6 4  3 0 3 -4
   1
    box 2 5  6 4  4 0 2 -4
     3/2
    box 2 5  6 3  3 0 3 -3
     u
    box 2 5  5 3  2 0 3 -3
     -1
    box 2 5  5 3  3 0 2 -3
     -3
    box 2 5  4 2  2 0 2 -2
     3/2
;
  box 2 5  6 4  2 -4 4 0
   1
    box 2 5  5 4  1 -4 4 0
     -u^(-1)
    box 2 5  5 4  2 -4 3 0
     1/3*u^(-1)*(-3+dim)
    box 2 5  4 3  1 -3 3 0
     4/3*u^(-1)
;
  box 2 5  6 4  2 -4 4 0
   1
    box 2 5  6 4  3 -4 3 0
     2/3
    box 2 5  6 3  3 -3 3 0
     2/3*u
    box 2 5  5 3  2 -3 3 0
     -2
    box 2 5  5 3  3 -3 2 0
     -2/3
    box 2 5  4 2  2 -2 2 0
     1
;
  box 2 5  6 4  2 -4 4 0
   1
    box 2 5  6 4  3 -4 3 0
     2/3
    box 2 5  6 3  2 -3 4 0
     u
    box 2 5  5 3  1 -3 4 0
     -1
    box 2 5  5 3  2 -3 3 0
     -5/3
    box 2 5  4 2  1 -2 3 0
     1
;
  box 2 5  6 4  2 -3 4 -1
   1
    box 2 5  5 4  1 -3 4 -1
     -u^(-1)
    box 2 5  5 4  2 -3 3 -1
     1/3*u^(-1)*(-3+dim)
    box 2 5  4 3  1 -2 3 -1
     u^(-1)
    box 2 5  4 3  1 -3 3 0
     1/3*u^(-1)
;
  box 2 5  6 4  2 -3 4 -1
   1
    box 2 5  6 4  3 -3 3 -1
     2/3
    box 2 5  6 3  3 -2 3 -1
     2/3*u
    box 2 5  5 3  2 -2 3 -1
     -5/3
    box 2 5  5 3  2 -3 3 0
     -1/3
    box 2 5  5 3  3 -2 2 -1
     -2/3
    box 2 5  5 2  2 -2 3 0
     -1/3*u-1/3*t
    box 2 5  4 2  2 -1 2 -1
     2/3
    box 2 5  4 2  2 -2 2 0
     1/3
;
  box 2 5  6 4  2 -3 4 -1
   1
    box 2 5  6 4  3 -3 3 -1
     2/3
    box 2 5  6 3  2 -3 4 0
     u
    box 2 5  5 3  1 -3 4 0
     -1
    box 2 5  5 3  2 -2 3 -1
     -1
    box 2 5  5 3  2 -3 3 0
     -2/3
    box 2 5  5 2  2 -2 3 0
     -u-t
    box 2 5  4 2  1 -2 3 0
     1
;
  box 2 5  6 4  2 -3 4 -1
   1
    box 2 5  6 4  3 -3 3 -1
     2/3
    box 2 5  6 3  2 -2 4 -1
     u
    box 2 5  5 3  1 -2 4 -1
     -1
    box 2 5  5 3  2 -2 3 -1
     -4/3
    box 2 5  5 3  2 -3 3 0
     -1/3
    box 2 5  5 2  2 -2 3 0
     -1/3*u-1/3*t
    box 2 5  4 2  1 -1 3 -1
     2/3
    box 2 5  4 2  1 -2 3 0
     1/3
;
  box 2 5  6 4  2 -2 4 -2
   1
    box 2 5  5 4  1 -2 4 -2
     -u^(-1)
    box 2 5  5 4  2 -2 3 -2
     1/3*u^(-1)*(-3+dim)
    box 2 5  4 3  1 -1 3 -2
     2/3*u^(-1)
    box 2 5  4 3  1 -2 3 -1
     2/3*u^(-1)
;
  box 2 5  6 4  2 -2 4 -2
   1
    box 2 5  6 4  3 -2 3 -2
     2/3
    box 2 5  6 3  3 -1 3 -2
     2/3*u
    box 2 5  5 3  2 -1 3 -2
     -4/3
    box 2 5  5 3  2 -2 3 -1
     -2/3
    box 2 5  5 3  3 -1 2 -2
     -2/3
    box 2 5  5 2  2 -1 3 -1
     -2/3*u-2/3*t
    box 2 5  4 2  2 0 2 -2
     1/3
    box 2 5  4 2  2 -1 2 -1
     2/3
;
  box 2 5  6 4  2 -2 4 -2
   1
    box 2 5  6 4  3 -2 3 -2
     2/3
    box 2 5  6 3  2 -2 4 -1
     u
    box 2 5  5 3  1 -2 4 -1
     -1
    box 2 5  5 3  2 -1 3 -2
     -2/3
    box 2 5  5 3  2 -2 3 -1
     -1
    box 2 5  5 2  2 -1 3 -1
     -2/3*u-2/3*t
    box 2 5  4 2  1 -1 3 -1
     2/3
    box 2 5  4 2  1 -2 3 0
     1/3
;
  box 2 5  6 4  2 -2 4 -2
   1
    box 2 5  6 4  3 -2 3 -2
     2/3
    box 2 5  6 3  2 -1 4 -2
     u
    box 2 5  5 3  1 -1 4 -2
     -1
    box 2 5  5 3  2 -1 3 -2
     -1
    box 2 5  5 3  2 -2 3 -1
     -2/3
    box 2 5  5 2  2 -1 3 -1
     -2/3*u-2/3*t
    box 2 5  4 2  1 0 3 -2
     1/3
    box 2 5  4 2  1 -1 3 -1
     2/3
;
  box 2 5  6 4  2 -1 4 -3
   1
    box 2 5  5 4  1 -1 4 -3
     -u^(-1)
    box 2 5  5 4  2 -1 3 -3
     1/3*u^(-1)*(-3+dim)
    box 2 5  4 3  1 0 3 -3
     1/3*u^(-1)
    box 2 5  4 3  1 -1 3 -2
     u^(-1)
;
  box 2 5  6 4  2 -1 4 -3
   1
    box 2 5  6 4  3 -1 3 -3
     2/3
    box 2 5  6 3  3 0 3 -3
     2/3*u
    box 2 5  5 3  2 0 3 -3
     -1
    box 2 5  5 3  2 -1 3 -2
     -1
    box 2 5  5 3  3 0 2 -3
     -2/3
    box 2 5  5 2  2 0 3 -2
     -u-t
    box 2 5  4 2  2 0 2 -2
     1
;
  box 2 5  6 4  2 -1 4 -3
   1
    box 2 5  6 4  3 -1 3 -3
     2/3
    box 2 5  6 3  2 -1 4 -2
     u
    box 2 5  5 3  1 -1 4 -2
     -1
    box 2 5  5 3  2 0 3 -3
     -1/3
    box 2 5  5 3  2 -1 3 -2
     -4/3
    box 2 5  5 2  2 0 3 -2
     -1/3*u-1/3*t
    box 2 5  4 2  1 0 3 -2
     1/3
    box 2 5  4 2  1 -1 3 -1
     2/3
;
  box 2 5  6 4  2 -1 4 -3
   1
    box 2 5  6 4  3 -1 3 -3
     2/3
    box 2 5  6 3  2 0 4 -3
     u
    box 2 5  5 3  1 0 4 -3
     -1
    box 2 5  5 3  2 0 3 -3
     -2/3
    box 2 5  5 3  2 -1 3 -2
     -1
    box 2 5  5 2  2 0 3 -2
     -u-t
    box 2 5  4 2  1 0 3 -2
     1
;
  box 2 5  6 4  2 0 4 -4
   1
    box 2 5  5 4  1 0 4 -4
     -u^(-1)
    box 2 5  5 4  2 0 3 -4
     1/3*u^(-1)*(-3+dim)
    box 2 5  4 3  1 0 3 -3
     4/3*u^(-1)
;
  box 2 5  6 4  2 0 4 -4
   1
    box 2 5  6 4  3 0 3 -4
     2/3
    box 2 5  6 3  2 0 4 -3
     u
    box 2 5  5 3  1 0 4 -3
     -1
    box 2 5  5 3  2 0 3 -3
     -5/3
    box 2 5  4 2  1 0 3 -2
     1
;
  box 2 5  6 4  1 -4 5 0
   1
    box 2 5  5 4  1 -4 4 0
     1/4*u^(-1)*(-2+dim)
;
  box 2 5  6 4  1 -4 5 0
   1
    box 2 5  6 4  2 -4 4 0
     1/4
    box 2 5  6 3  2 -3 4 0
     1/4*u
    box 2 5  5 3  1 -3 4 0
     -7/4
    box 2 5  5 3  2 -3 3 0
     -1/4
    box 2 5  4 2  1 -2 3 0
     3/4
;
  box 2 5  6 4  1 -4 5 0
   1
    box 2 5  6 4  2 -4 4 0
     1/4
    box 2 5  6 3  1 -3 5 0
     u
    box 2 5  5 3  1 -3 4 0
     -1
;
  box 2 5  6 4  1 -3 5 -1
   1
    box 2 5  5 4  1 -3 4 -1
     1/4*u^(-1)*(-2+dim)
;
  box 2 5  6 4  1 -3 5 -1
   1
    box 2 5  6 4  2 -3 4 -1
     1/4
    box 2 5  6 3  2 -2 4 -1
     1/4*u
    box 2 5  5 3  1 -2 4 -1
     -3/2
    box 2 5  5 3  1 -3 4 0
     -1/4
    box 2 5  5 3  2 -2 3 -1
     -1/4
    box 2 5  5 2  1 -2 4 0
     -1/4*u-1/4*t
    box 2 5  4 2  1 -1 3 -1
     1/2
    box 2 5  4 2  1 -2 3 0
     1/4
;
  box 2 5  6 4  1 -3 5 -1
   1
    box 2 5  6 4  2 -3 4 -1
     1/4
    box 2 5  6 3  1 -3 5 0
     u
    box 2 5  5 3  1 -2 4 -1
     -3/4
    box 2 5  5 3  1 -3 4 0
     -1/4
    box 2 5  5 2  1 -2 4 0
     -3/4*u-3/4*t
;
  box 2 5  6 4  1 -3 5 -1
   1
    box 2 5  6 4  2 -3 4 -1
     1/4
    box 2 5  6 3  1 -2 5 -1
     u
    box 2 5  5 3  1 -2 4 -1
     -3/4
    box 2 5  5 3  1 -3 4 0
     -1/4
    box 2 5  5 2  1 -2 4 0
     -1/4*u-1/4*t
;
  box 2 5  6 4  1 -2 5 -2
   1
    box 2 5  5 4  1 -2 4 -2
     1/4*u^(-1)*(-2+dim)
;
  box 2 5  6 4  1 -2 5 -2
   1
    box 2 5  6 4  2 -2 4 -2
     1/4
    box 2 5  6 3  2 -1 4 -2
     1/4*u
    box 2 5  5 3  1 -1 4 -2
     -5/4
    box 2 5  5 3  1 -2 4 -1
     -1/2
    box 2 5  5 3  2 -1 3 -2
     -1/4
    box 2 5  5 2  1 -1 4 -1
     -1/2*u-1/2*t
    box 2 5  4 2  1 0 3 -2
     1/4
    box 2 5  4 2  1 -1 3 -1
     1/2
;
  box 2 5  6 4  1 -2 5 -2
   1
    box 2 5  6 4  2 -2 4 -2
     1/4
    box 2 5  6 3  1 -2 5 -1
     u
    box 2 5  5 3  1 -1 4 -2
     -1/2
    box 2 5  5 3  1 -2 4 -1
     -1/2
    box 2 5  5 2  1 -1 4 -1
     -1/2*u-1/2*t
;
  box 2 5  6 4  1 -2 5 -2
   1
    box 2 5  6 4  2 -2 4 -2
     1/4
    box 2 5  6 3  1 -1 5 -2
     u
    box 2 5  5 3  1 -1 4 -2
     -1/2
    box 2 5  5 3  1 -2 4 -1
     -1/2
    box 2 5  5 2  1 -1 4 -1
     -1/2*u-1/2*t
;
  box 2 5  6 4  1 -1 5 -3
   1
    box 2 5  5 4  1 -1 4 -3
     1/4*u^(-1)*(-2+dim)
;
  box 2 5  6 4  1 -1 5 -3
   1
    box 2 5  6 4  2 -1 4 -3
     1/4
    box 2 5  6 3  2 0 4 -3
     1/4*u
    box 2 5  5 3  1 0 4 -3
     -1
    box 2 5  5 3  1 -1 4 -2
     -3/4
    box 2 5  5 3  2 0 3 -3
     -1/4
    box 2 5  5 2  1 0 4 -2
     -3/4*u-3/4*t
    box 2 5  4 2  1 0 3 -2
     3/4
;
  box 2 5  6 4  1 -1 5 -3
   1
    box 2 5  6 4  2 -1 4 -3
     1/4
    box 2 5  6 3  1 -1 5 -2
     u
    box 2 5  5 3  1 0 4 -3
     -1/4
    box 2 5  5 3  1 -1 4 -2
     -3/4
    box 2 5  5 2  1 0 4 -2
     -1/4*u-1/4*t
;
  box 2 5  6 4  1 -1 5 -3
   1
    box 2 5  6 4  2 -1 4 -3
     1/4
    box 2 5  6 3  1 0 5 -3
     u
    box 2 5  5 3  1 0 4 -3
     -1/4
    box 2 5  5 3  1 -1 4 -2
     -3/4
    box 2 5  5 2  1 0 4 -2
     -3/4*u-3/4*t
;
  box 2 5  6 4  1 0 5 -4
   1
    box 2 5  5 4  1 0 4 -4
     1/4*u^(-1)*(-2+dim)
;
  box 2 5  6 4  1 0 5 -4
   1
    box 2 5  6 4  2 0 4 -4
     1/4
    box 2 5  6 3  1 0 5 -3
     u
    box 2 5  5 3  1 0 4 -3
     -1
;
  box 2 5  6 5  4 -5 2 0
   1
    box 2 5  6 5  5 -5 1 0
     4
    box 2 5  6 4  5 -4 1 0
     4*u
    box 2 5  5 4  4 -4 1 0
     -5
;
  box 2 5  6 5  4 -5 2 0
   1
    box 2 5  6 5  5 -5 1 0
     4
    box 2 5  6 4  4 -4 2 0
     u
    box 2 5  5 4  3 -4 2 0
     -1
    box 2 5  5 4  4 -4 1 0
     -8
    box 2 5  4 3  3 -3 1 0
     4
;
  box 2 5  6 5  4 -4 2 -1
   1
    box 2 5  6 5  5 -4 1 -1
     4
    box 2 5  6 4  5 -3 1 -1
     4*u
    box 2 5  5 4  4 -3 1 -1
     -4
    box 2 5  5 4  4 -4 1 0
     -1
    box 2 5  5 3  4 -3 1 0
     -u-t
;
  box 2 5  6 5  4 -4 2 -1
   1
    box 2 5  6 5  5 -4 1 -1
     4
    box 2 5  6 4  4 -4 2 0
     u
    box 2 5  5 4  3 -4 2 0
     -1
    box 2 5  5 4  4 -3 1 -1
     -4
    box 2 5  5 4  4 -4 1 0
     -4
    box 2 5  5 3  4 -3 1 0
     -4*u-4*t
    box 2 5  4 3  3 -3 1 0
     4
;
  box 2 5  6 5  4 -4 2 -1
   1
    box 2 5  6 5  5 -4 1 -1
     4
    box 2 5  6 4  4 -3 2 -1
     u
    box 2 5  5 4  3 -3 2 -1
     -1
    box 2 5  5 4  4 -3 1 -1
     -7
    box 2 5  5 4  4 -4 1 0
     -1
    box 2 5  5 3  4 -3 1 0
     -u-t
    box 2 5  4 3  3 -2 1 -1
     3
    box 2 5  4 3  3 -3 1 0
     1
;
  box 2 5  6 5  4 -3 2 -2
   1
    box 2 5  6 5  5 -3 1 -2
     4
    box 2 5  6 4  5 -2 1 -2
     4*u
    box 2 5  5 4  4 -2 1 -2
     -3
    box 2 5  5 4  4 -3 1 -1
     -2
    box 2 5  5 3  4 -2 1 -1
     -2*u-2*t
;
  box 2 5  6 5  4 -3 2 -2
   1
    box 2 5  6 5  5 -3 1 -2
     4
    box 2 5  6 4  4 -3 2 -1
     u
    box 2 5  5 4  3 -3 2 -1
     -1
    box 2 5  5 4  4 -2 1 -2
     -3
    box 2 5  5 4  4 -3 1 -1
     -5
    box 2 5  5 3  4 -2 1 -1
     -3*u-3*t
    box 2 5  4 3  3 -2 1 -1
     3
    box 2 5  4 3  3 -3 1 0
     1
;
  box 2 5  6 5  4 -3 2 -2
   1
    box 2 5  6 5  5 -3 1 -2
     4
    box 2 5  6 4  4 -2 2 -2
     u
    box 2 5  5 4  3 -2 2 -2
     -1
    box 2 5  5 4  4 -2 1 -2
     -6
    box 2 5  5 4  4 -3 1 -1
     -2
    box 2 5  5 3  4 -2 1 -1
     -2*u-2*t
    box 2 5  4 3  3 -1 1 -2
     2
    box 2 5  4 3  3 -2 1 -1
     2
;
  box 2 5  6 5  4 -2 2 -3
   1
    box 2 5  6 5  5 -2 1 -3
     4
    box 2 5  6 4  5 -1 1 -3
     4*u
    box 2 5  5 4  4 -1 1 -3
     -2
    box 2 5  5 4  4 -2 1 -2
     -3
    box 2 5  5 3  4 -1 1 -2
     -3*u-3*t
;
  box 2 5  6 5  4 -2 2 -3
   1
    box 2 5  6 5  5 -2 1 -3
     4
    box 2 5  6 4  4 -2 2 -2
     u
    box 2 5  5 4  3 -2 2 -2
     -1
    box 2 5  5 4  4 -1 1 -3
     -2
    box 2 5  5 4  4 -2 1 -2
     -6
    box 2 5  5 3  4 -1 1 -2
     -2*u-2*t
    box 2 5  4 3  3 -1 1 -2
     2
    box 2 5  4 3  3 -2 1 -1
     2
;
  box 2 5  6 5  4 -2 2 -3
   1
    box 2 5  6 5  5 -2 1 -3
     4
    box 2 5  6 4  4 -1 2 -3
     u
    box 2 5  5 4  3 -1 2 -3
     -1
    box 2 5  5 4  4 -1 1 -3
     -5
    box 2 5  5 4  4 -2 1 -2
     -3
    box 2 5  5 3  4 -1 1 -2
     -3*u-3*t
    box 2 5  4 3  3 0 1 -3
     1
    box 2 5  4 3  3 -1 1 -2
     3
;
  box 2 5  6 5  4 -1 2 -4
   1
    box 2 5  6 5  5 -1 1 -4
     4
    box 2 5  6 4  5 0 1 -4
     4*u
    box 2 5  5 4  4 0 1 -4
     -1
    box 2 5  5 4  4 -1 1 -3
     -4
    box 2 5  5 3  4 0 1 -3
     -4*u-4*t
;
  box 2 5  6 5  4 -1 2 -4
   1
    box 2 5  6 5  5 -1 1 -4
     4
    box 2 5  6 4  4 -1 2 -3
     u
    box 2 5  5 4  3 -1 2 -3
     -1
    box 2 5  5 4  4 0 1 -4
     -1
    box 2 5  5 4  4 -1 1 -3
     -7
    box 2 5  5 3  4 0 1 -3
     -u-t
    box 2 5  4 3  3 0 1 -3
     1
    box 2 5  4 3  3 -1 1 -2
     3
;
  box 2 5  6 5  4 -1 2 -4
   1
    box 2 5  6 5  5 -1 1 -4
     4
    box 2 5  6 4  4 0 2 -4
     u
    box 2 5  5 4  3 0 2 -4
     -1
    box 2 5  5 4  4 0 1 -4
     -4
    box 2 5  5 4  4 -1 1 -3
     -4
    box 2 5  5 3  4 0 1 -3
     -4*u-4*t
    box 2 5  4 3  3 0 1 -3
     4
;
  box 2 5  6 5  4 0 2 -5
   1
    box 2 5  6 5  5 0 1 -5
     4
    box 2 5  6 4  4 0 2 -4
     u
    box 2 5  5 4  3 0 2 -4
     -1
    box 2 5  5 4  4 0 1 -4
     -8
    box 2 5  4 3  3 0 1 -3
     4
;
  box 2 5  6 5  3 -5 3 0
   1
    box 2 5  6 5  4 -5 2 0
     3/2
    box 2 5  6 4  4 -4 2 0
     3/2*u
    box 2 5  5 4  3 -4 2 0
     -3
    box 2 5  5 4  4 -4 1 0
     -3/2
    box 2 5  4 3  3 -3 1 0
     2
;
  box 2 5  6 5  3 -5 3 0
   1
    box 2 5  6 5  4 -5 2 0
     3/2
    box 2 5  6 4  3 -4 3 0
     u
    box 2 5  5 4  2 -4 3 0
     -1
    box 2 5  5 4  3 -4 2 0
     -7/2
    box 2 5  4 3  2 -3 2 0
     2
;
  box 2 5  6 5  3 -4 3 -1
   1
    box 2 5  6 5  4 -4 2 -1
     3/2
    box 2 5  6 4  4 -3 2 -1
     3/2*u
    box 2 5  5 4  3 -3 2 -1
     -5/2
    box 2 5  5 4  3 -4 2 0
     -1/2
    box 2 5  5 4  4 -3 1 -1
     -3/2
    box 2 5  5 3  3 -3 2 0
     -1/2*u-1/2*t
    box 2 5  4 3  3 -2 1 -1
     3/2
    box 2 5  4 3  3 -3 1 0
     1/2
;
  box 2 5  6 5  3 -4 3 -1
   1
    box 2 5  6 5  4 -4 2 -1
     3/2
    box 2 5  6 4  3 -4 3 0
     u
    box 2 5  5 4  2 -4 3 0
     -1
    box 2 5  5 4  3 -3 2 -1
     -2
    box 2 5  5 4  3 -4 2 0
     -3/2
    box 2 5  5 3  3 -3 2 0
     -2*u-2*t
    box 2 5  4 3  2 -3 2 0
     2
;
  box 2 5  6 5  3 -4 3 -1
   1
    box 2 5  6 5  4 -4 2 -1
     3/2
    box 2 5  6 4  3 -3 3 -1
     u
    box 2 5  5 4  2 -3 3 -1
     -1
    box 2 5  5 4  3 -3 2 -1
     -3
    box 2 5  5 4  3 -4 2 0
     -1/2
    box 2 5  5 3  3 -3 2 0
     -1/2*u-1/2*t
    box 2 5  4 3  2 -2 2 -1
     3/2
    box 2 5  4 3  2 -3 2 0
     1/2
;
  box 2 5  6 5  3 -3 3 -2
   1
    box 2 5  6 5  4 -3 2 -2
     3/2
    box 2 5  6 4  4 -2 2 -2
     3/2*u
    box 2 5  5 4  3 -2 2 -2
     -2
    box 2 5  5 4  3 -3 2 -1
     -1
    box 2 5  5 4  4 -2 1 -2
     -3/2
    box 2 5  5 3  3 -2 2 -1
     -u-t
    box 2 5  4 3  3 -1 1 -2
     1
    box 2 5  4 3  3 -2 1 -1
     1
;
  box 2 5  6 5  3 -3 3 -2
   1
    box 2 5  6 5  4 -3 2 -2
     3/2
    box 2 5  6 4  3 -3 3 -1
     u
    box 2 5  5 4  2 -3 3 -1
     -1
    box 2 5  5 4  3 -2 2 -2
     -3/2
    box 2 5  5 4  3 -3 2 -1
     -2
    box 2 5  5 3  3 -2 2 -1
     -3/2*u-3/2*t
    box 2 5  4 3  2 -2 2 -1
     3/2
    box 2 5  4 3  2 -3 2 0
     1/2
;
  box 2 5  6 5  3 -3 3 -2
   1
    box 2 5  6 5  4 -3 2 -2
     3/2
    box 2 5  6 4  3 -2 3 -2
     u
    box 2 5  5 4  2 -2 3 -2
     -1
    box 2 5  5 4  3 -2 2 -2
     -5/2
    box 2 5  5 4  3 -3 2 -1
     -1
    box 2 5  5 3  3 -2 2 -1
     -u-t
    box 2 5  4 3  2 -1 2 -2
     1
    box 2 5  4 3  2 -2 2 -1
     1
;
  box 2 5  6 5  3 -2 3 -3
   1
    box 2 5  6 5  4 -2 2 -3
     3/2
    box 2 5  6 4  4 -1 2 -3
     3/2*u
    box 2 5  5 4  3 -1 2 -3
     -3/2
    box 2 5  5 4  3 -2 2 -2
     -3/2
    box 2 5  5 4  4 -1 1 -3
     -3/2
    box 2 5  5 3  3 -1 2 -2
     -3/2*u-3/2*t
    box 2 5  4 3  3 0 1 -3
     1/2
    box 2 5  4 3  3 -1 1 -2
     3/2
;
  box 2 5  6 5  3 -2 3 -3
   1
    box 2 5  6 5  4 -2 2 -3
     3/2
    box 2 5  6 4  3 -2 3 -2
     u
    box 2 5  5 4  2 -2 3 -2
     -1
    box 2 5  5 4  3 -1 2 -3
     -1
    box 2 5  5 4  3 -2 2 -2
     -5/2
    box 2 5  5 3  3 -1 2 -2
     -u-t
    box 2 5  4 3  2 -1 2 -2
     1
    box 2 5  4 3  2 -2 2 -1
     1
;
  box 2 5  6 5  3 -2 3 -3
   1
    box 2 5  6 5  4 -2 2 -3
     3/2
    box 2 5  6 4  3 -1 3 -3
     u
    box 2 5  5 4  2 -1 3 -3
     -1
    box 2 5  5 4  3 -1 2 -3
     -2
    box 2 5  5 4  3 -2 2 -2
     -3/2
    box 2 5  5 3  3 -1 2 -2
     -3/2*u-3/2*t
    box 2 5  4 3  2 0 2 -3
     1/2
    box 2 5  4 3  2 -1 2 -2
     3/2
;
  box 2 5  6 5  3 -1 3 -4
   1
    box 2 5  6 5  4 -1 2 -4
     3/2
    box 2 5  6 4  4 0 2 -4
     3/2*u
    box 2 5  5 4  3 0 2 -4
     -1
    box 2 5  5 4  3 -1 2 -3
     -2
    box 2 5  5 4  4 0 1 -4
     -3/2
    box 2 5  5 3  3 0 2 -3
     -2*u-2*t
    box 2 5  4 3  3 0 1 -3
     2
;
  box 2 5  6 5  3 -1 3 -4
   1
    box 2 5  6 5  4 -1 2 -4
     3/2
    box 2 5  6 4  3 -1 3 -3
     u
    box 2 5  5 4  2 -1 3 -3
     -1
    box 2 5  5 4  3 0 2 -4
     -1/2
    box 2 5  5 4  3 -1 2 -3
     -3
    box 2 5  5 3  3 0 2 -3
     -1/2*u-1/2*t
    box 2 5  4 3  2 0 2 -3
     1/2
    box 2 5  4 3  2 -1 2 -2
     3/2
;
  box 2 5  6 5  3 -1 3 -4
   1
    box 2 5  6 5  4 -1 2 -4
     3/2
    box 2 5  6 4  3 0 3 -4
     u
    box 2 5  5 4  2 0 3 -4
     -1
    box 2 5  5 4  3 0 2 -4
     -3/2
    box 2 5  5 4  3 -1 2 -3
     -2
    box 2 5  5 3  3 0 2 -3
     -2*u-2*t
    box 2 5  4 3  2 0 2 -3
     2
;
  box 2 5  6 5  3 0 3 -5
   1
    box 2 5  6 5  4 0 2 -5
     3/2
    box 2 5  6 4  3 0 3 -4
     u
    box 2 5  5 4  2 0 3 -4
     -1
    box 2 5  5 4  3 0 2 -4
     -7/2
    box 2 5  4 3  2 0 2 -3
     2
;
  box 2 5  6 5  2 -5 4 0
   1
    box 2 5  6 5  3 -5 3 0
     2/3
    box 2 5  6 4  3 -4 3 0
     2/3*u
    box 2 5  5 4  2 -4 3 0
     -7/3
    box 2 5  5 4  3 -4 2 0
     -2/3
    box 2 5  4 3  2 -3 2 0
     4/3
;
  box 2 5  6 5  2 -5 4 0
   1
    box 2 5  6 5  3 -5 3 0
     2/3
    box 2 5  6 4  2 -4 4 0
     u
    box 2 5  5 4  1 -4 4 0
     -1
    box 2 5  5 4  2 -4 3 0
     -2
    box 2 5  4 3  1 -3 3 0
     4/3
;
  box 2 5  6 5  2 -4 4 -1
   1
    box 2 5  6 5  3 -4 3 -1
     2/3
    box 2 5  6 4  3 -3 3 -1
     2/3*u
    box 2 5  5 4  2 -3 3 -1
     -2
    box 2 5  5 4  2 -4 3 0
     -1/3
    box 2 5  5 4  3 -3 2 -1
     -2/3
    box 2 5  5 3  2 -3 3 0
     -1/3*u-1/3*t
    box 2 5  4 3  2 -2 2 -1
     1
    box 2 5  4 3  2 -3 2 0
     1/3
;
  box 2 5  6 5  2 -4 4 -1
   1
    box 2 5  6 5  3 -4 3 -1
     2/3
    box 2 5  6 4  2 -4 4 0
     u
    box 2 5  5 4  1 -4 4 0
     -1
    box 2 5  5 4  2 -3 3 -1
     -4/3
    box 2 5  5 4  2 -4 3 0
     -2/3
    box 2 5  5 3  2 -3 3 0
     -4/3*u-4/3*t
    box 2 5  4 3  1 -3 3 0
     4/3
;
  box 2 5  6 5  2 -4 4 -1
   1
    box 2 5  6 5  3 -4 3 -1
     2/3
    box 2 5  6 4  2 -3 4 -1
     u
    box 2 5  5 4  1 -3 4 -1
     -1
    box 2 5  5 4  2 -3 3 -1
     -5/3
    box 2 5  5 4  2 -4 3 0
     -1/3
    box 2 5  5 3  2 -3 3 0
     -1/3*u-1/3*t
    box 2 5  4 3  1 -2 3 -1
     1
    box 2 5  4 3  1 -3 3 0
     1/3
;
  box 2 5  6 5  2 -3 4 -2
   1
    box 2 5  6 5  3 -3 3 -2
     2/3
    box 2 5  6 4  3 -2 3 -2
     2/3*u
    box 2 5  5 4  2 -2 3 -2
     -5/3
    box 2 5  5 4  2 -3 3 -1
     -2/3
    box 2 5  5 4  3 -2 2 -2
     -2/3
    box 2 5  5 3  2 -2 3 -1
     -2/3*u-2/3*t
    box 2 5  4 3  2 -1 2 -2
     2/3
    box 2 5  4 3  2 -2 2 -1
     2/3
;
  box 2 5  6 5  2 -3 4 -2
   1
    box 2 5  6 5  3 -3 3 -2
     2/3
    box 2 5  6 4  2 -3 4 -1
     u
    box 2 5  5 4  1 -3 4 -1
     -1
    box 2 5  5 4  2 -2 3 -2
     -1
    box 2 5  5 4  2 -3 3 -1
     -1
    box 2 5  5 3  2 -2 3 -1
     -u-t
    box 2 5  4 3  1 -2 3 -1
     1
    box 2 5  4 3  1 -3 3 0
     1/3
;
  box 2 5  6 5  2 -3 4 -2
   1
    box 2 5  6 5  3 -3 3 -2
     2/3
    box 2 5  6 4  2 -2 4 -2
     u
    box 2 5  5 4  1 -2 4 -2
     -1
    box 2 5  5 4  2 -2 3 -2
     -4/3
    box 2 5  5 4  2 -3 3 -1
     -2/3
    box 2 5  5 3  2 -2 3 -1
     -2/3*u-2/3*t
    box 2 5  4 3  1 -1 3 -2
     2/3
    box 2 5  4 3  1 -2 3 -1
     2/3
;
  box 2 5  6 5  2 -2 4 -3
   1
    box 2 5  6 5  3 -2 3 -3
     2/3
    box 2 5  6 4  3 -1 3 -3
     2/3*u
    box 2 5  5 4  2 -1 3 -3
     -4/3
    box 2 5  5 4  2 -2 3 -2
     -1
    box 2 5  5 4  3 -1 2 -3
     -2/3
    box 2 5  5 3  2 -1 3 -2
     -u-t
    box 2 5  4 3  2 0 2 -3
     1/3
    box 2 5  4 3  2 -1 2 -2
     1
;
  box 2 5  6 5  2 -2 4 -3
   1
    box 2 5  6 5  3 -2 3 -3
     2/3
    box 2 5  6 4  2 -2 4 -2
     u
    box 2 5  5 4  1 -2 4 -2
     -1
    box 2 5  5 4  2 -1 3 -3
     -2/3
    box 2 5  5 4  2 -2 3 -2
     -4/3
    box 2 5  5 3  2 -1 3 -2
     -2/3*u-2/3*t
    box 2 5  4 3  1 -1 3 -2
     2/3
    box 2 5  4 3  1 -2 3 -1
     2/3
;
  box 2 5  6 5  2 -2 4 -3
   1
    box 2 5  6 5  3 -2 3 -3
     2/3
    box 2 5  6 4  2 -1 4 -3
     u
    box 2 5  5 4  1 -1 4 -3
     -1
    box 2 5  5 4  2 -1 3 -3
     -1
    box 2 5  5 4  2 -2 3 -2
     -1
    box 2 5  5 3  2 -1 3 -2
     -u-t
    box 2 5  4 3  1 0 3 -3
     1/3
    box 2 5  4 3  1 -1 3 -2
     1
;
  box 2 5  6 5  2 -1 4 -4
   1
    box 2 5  6 5  3 -1 3 -4
     2/3
    box 2 5  6 4  3 0 3 -4
     2/3*u
    box 2 5  5 4  2 0 3 -4
     -1
    box 2 5  5 4  2 -1 3 -3
     -4/3
    box 2 5  5 4  3 0 2 -4
     -2/3
    box 2 5  5 3  2 0 3 -3
     -4/3*u-4/3*t
    box 2 5  4 3  2 0 2 -3
     4/3
;
  box 2 5  6 5  2 -1 4 -4
   1
    box 2 5  6 5  3 -1 3 -4
     2/3
    box 2 5  6 4  2 -1 4 -3
     u
    box 2 5  5 4  1 -1 4 -3
     -1
    box 2 5  5 4  2 0 3 -4
     -1/3
    box 2 5  5 4  2 -1 3 -3
     -5/3
    box 2 5  5 3  2 0 3 -3
     -1/3*u-1/3*t
    box 2 5  4 3  1 0 3 -3
     1/3
    box 2 5  4 3  1 -1 3 -2
     1
;
  box 2 5  6 5  2 -1 4 -4
   1
    box 2 5  6 5  3 -1 3 -4
     2/3
    box 2 5  6 4  2 0 4 -4
     u
    box 2 5  5 4  1 0 4 -4
     -1
    box 2 5  5 4  2 0 3 -4
     -2/3
    box 2 5  5 4  2 -1 3 -3
     -4/3
    box 2 5  5 3  2 0 3 -3
     -4/3*u-4/3*t
    box 2 5  4 3  1 0 3 -3
     4/3
;
  box 2 5  6 5  2 0 4 -5
   1
    box 2 5  6 5  3 0 3 -5
     2/3
    box 2 5  6 4  2 0 4 -4
     u
    box 2 5  5 4  1 0 4 -4
     -1
    box 2 5  5 4  2 0 3 -4
     -2
    box 2 5  4 3  1 0 3 -3
     4/3
;
  box 2 5  6 5  1 -5 5 0
   1
    box 2 5  6 5  2 -5 4 0
     1/4
    box 2 5  6 4  2 -4 4 0
     1/4*u
    box 2 5  5 4  1 -4 4 0
     -2
    box 2 5  5 4  2 -4 3 0
     -1/4
    box 2 5  4 3  1 -3 3 0
     1
;
  box 2 5  6 5  1 -5 5 0
   1
    box 2 5  6 5  2 -5 4 0
     1/4
    box 2 5  6 4  1 -4 5 0
     u
    box 2 5  5 4  1 -4 4 0
     -5/4
;
  box 2 5  6 5  1 -4 5 -1
   1
    box 2 5  6 5  2 -4 4 -1
     1/4
    box 2 5  6 4  2 -3 4 -1
     1/4*u
    box 2 5  5 4  1 -3 4 -1
     -7/4
    box 2 5  5 4  1 -4 4 0
     -1/4
    box 2 5  5 4  2 -3 3 -1
     -1/4
    box 2 5  5 3  1 -3 4 0
     -1/4*u-1/4*t
    box 2 5  4 3  1 -2 3 -1
     3/4
    box 2 5  4 3  1 -3 3 0
     1/4
;
  box 2 5  6 5  1 -4 5 -1
   1
    box 2 5  6 5  2 -4 4 -1
     1/4
    box 2 5  6 4  1 -4 5 0
     u
    box 2 5  5 4  1 -3 4 -1
     -1
    box 2 5  5 4  1 -4 4 0
     -1/4
    box 2 5  5 3  1 -3 4 0
     -u-t
;
  box 2 5  6 5  1 -4 5 -1
   1
    box 2 5  6 5  2 -4 4 -1
     1/4
    box 2 5  6 4  1 -3 5 -1
     u
    box 2 5  5 4  1 -3 4 -1
     -1
    box 2 5  5 4  1 -4 4 0
     -1/4
    box 2 5  5 3  1 -3 4 0
     -1/4*u-1/4*t
;
  box 2 5  6 5  1 -3 5 -2
   1
    box 2 5  6 5  2 -3 4 -2
     1/4
    box 2 5  6 4  2 -2 4 -2
     1/4*u
    box 2 5  5 4  1 -2 4 -2
     -3/2
    box 2 5  5 4  1 -3 4 -1
     -1/2
    box 2 5  5 4  2 -2 3 -2
     -1/4
    box 2 5  5 3  1 -2 4 -1
     -1/2*u-1/2*t
    box 2 5  4 3  1 -1 3 -2
     1/2
    box 2 5  4 3  1 -2 3 -1
     1/2
;
  box 2 5  6 5  1 -3 5 -2
   1
    box 2 5  6 5  2 -3 4 -2
     1/4
    box 2 5  6 4  1 -3 5 -1
     u
    box 2 5  5 4  1 -2 4 -2
     -3/4
    box 2 5  5 4  1 -3 4 -1
     -1/2
    box 2 5  5 3  1 -2 4 -1
     -3/4*u-3/4*t
;
  box 2 5  6 5  1 -3 5 -2
   1
    box 2 5  6 5  2 -3 4 -2
     1/4
    box 2 5  6 4  1 -2 5 -2
     u
    box 2 5  5 4  1 -2 4 -2
     -3/4
    box 2 5  5 4  1 -3 4 -1
     -1/2
    box 2 5  5 3  1 -2 4 -1
     -1/2*u-1/2*t
;
  box 2 5  6 5  1 -2 5 -3
   1
    box 2 5  6 5  2 -2 4 -3
     1/4
    box 2 5  6 4  2 -1 4 -3
     1/4*u
    box 2 5  5 4  1 -1 4 -3
     -5/4
    box 2 5  5 4  1 -2 4 -2
     -3/4
    box 2 5  5 4  2 -1 3 -3
     -1/4
    box 2 5  5 3  1 -1 4 -2
     -3/4*u-3/4*t
    box 2 5  4 3  1 0 3 -3
     1/4
    box 2 5  4 3  1 -1 3 -2
     3/4
;
  box 2 5  6 5  1 -2 5 -3
   1
    box 2 5  6 5  2 -2 4 -3
     1/4
    box 2 5  6 4  1 -2 5 -2
     u
    box 2 5  5 4  1 -1 4 -3
     -1/2
    box 2 5  5 4  1 -2 4 -2
     -3/4
    box 2 5  5 3  1 -1 4 -2
     -1/2*u-1/2*t
;
  box 2 5  6 5  1 -2 5 -3
   1
    box 2 5  6 5  2 -2 4 -3
     1/4
    box 2 5  6 4  1 -1 5 -3
     u
    box 2 5  5 4  1 -1 4 -3
     -1/2
    box 2 5  5 4  1 -2 4 -2
     -3/4
    box 2 5  5 3  1 -1 4 -2
     -3/4*u-3/4*t
;
  box 2 5  6 5  1 -1 5 -4
   1
    box 2 5  6 5  2 -1 4 -4
     1/4
    box 2 5  6 4  2 0 4 -4
     1/4*u
    box 2 5  5 4  1 0 4 -4
     -1
    box 2 5  5 4  1 -1 4 -3
     -1
    box 2 5  5 4  2 0 3 -4
     -1/4
    box 2 5  5 3  1 0 4 -3
     -u-t
    box 2 5  4 3  1 0 3 -3
     1
;
  box 2 5  6 5  1 -1 5 -4
   1
    box 2 5  6 5  2 -1 4 -4
     1/4
    box 2 5  6 4  1 -1 5 -3
     u
    box 2 5  5 4  1 0 4 -4
     -1/4
    box 2 5  5 4  1 -1 4 -3
     -1
    box 2 5  5 3  1 0 4 -3
     -1/4*u-1/4*t
;
  box 2 5  6 5  1 -1 5 -4
   1
    box 2 5  6 5  2 -1 4 -4
     1/4
    box 2 5  6 4  1 0 5 -4
     u
    box 2 5  5 4  1 0 4 -4
     -1/4
    box 2 5  5 4  1 -1 4 -3
     -1
    box 2 5  5 3  1 0 4 -3
     -u-t
;
  box 2 5  6 5  1 0 5 -5
   1
    box 2 5  6 5  2 0 4 -5
     1/4
    box 2 5  6 4  1 0 5 -4
     u
    box 2 5  5 4  1 0 4 -4
     -5/4
;
