  boxx1234 2 5  2 1  1 -1 1 0
   1
    boxx1234 2 5  2 0  1 0 1 0
     -1/2*u-1/2*t
;
  boxx1234 2 5  2 1  1 0 1 -1
   1
    boxx1234 2 5  2 0  1 0 1 0
     -1/2*u-1/2*t
;
  boxx1234 2 5  2 2  1 -2 1 0
   1
    boxx1234 2 5  2 0  1 0 1 0
     -1/4*(u+t)^2*(-1+dim)^(-1)*dim
;
  boxx1234 2 5  2 2  1 -1 1 -1
   1
    boxx1234 2 5  2 0  1 0 1 0
     -1/4*((u+t)^2*dim-2*(u+t)^2+2*(u+t)*t)*(-1+dim)^(-1)
;
  boxx1234 2 5  2 2  1 0 1 -2
   1
    boxx1234 2 5  2 0  1 0 1 0
     -1/4*(u+t)^2*(-1+dim)^(-1)*dim
;
  boxx1234 2 5  2 3  1 -3 1 0
   1
    boxx1234 2 5  2 0  1 0 1 0
     -1/8*(-1+dim)^(-1)*((u+t)^3*dim+2*(u+t)^3)
;
  boxx1234 2 5  2 3  1 -2 1 -1
   1
    boxx1234 2 5  2 0  1 0 1 0
     -1/8*((u+t)^3*dim-2*(u+t)^3+4*(u+t)^2*t)*(-1+dim)^(-1)
;
  boxx1234 2 5  2 3  1 -1 1 -2
   1
    boxx1234 2 5  2 0  1 0 1 0
     -1/8*((u+t)^3*dim-2*(u+t)^3+4*(u+t)^2*t)*(-1+dim)^(-1)
;
  boxx1234 2 5  2 3  1 0 1 -3
   1
    boxx1234 2 5  2 0  1 0 1 0
     -1/8*(-1+dim)^(-1)*((u+t)^3*dim+2*(u+t)^3)
;
  boxx1234 2 5  2 4  1 -4 1 0
   1
    boxx1234 2 5  2 0  1 0 1 0
     -1/16*(-1+dim^2)^(-1)*((u+t)^4*dim^2+8*(u+t)^4+6*(u+t)^4*dim)
;
  boxx1234 2 5  2 4  1 -3 1 -1
   1
    boxx1234 2 5  2 0  1 0 1 0
     -1/16*(-1+dim^2)^(-1)*(12*(u+t)^3*t+(u+t)^4*dim^2-4*(u+t)^4+6*(u+t)^3*t*dim)
;
  boxx1234 2 5  2 4  1 -2 1 -2
   1
    boxx1234 2 5  2 0  1 0 1 0
     -1/16*(-1+dim^2)^(-1)*(8*(u+t)^2*t^2+2*(4*(u+t)^3*t-(u+t)^4)*dim+(u+t)^4*dim^2)
;
  boxx1234 2 5  2 4  1 -1 1 -3
   1
    boxx1234 2 5  2 0  1 0 1 0
     -1/16*(-1+dim^2)^(-1)*(12*(u+t)^3*t+(u+t)^4*dim^2-4*(u+t)^4+6*(u+t)^3*t*dim)
;
  boxx1234 2 5  2 4  1 0 1 -4
   1
    boxx1234 2 5  2 0  1 0 1 0
     -1/16*(-1+dim^2)^(-1)*((u+t)^4*dim^2+8*(u+t)^4+6*(u+t)^4*dim)
;
  boxx1234 2 5  3 0  2 0 1 0
   1
    boxx1234 2 5  2 0  1 0 1 0
     -(u+t)^(-1)*(-3+dim)
;
  boxx1234 2 5  3 0  1 0 2 0
   1
    boxx1234 2 5  2 0  1 0 1 0
     -(u+t)^(-1)*(-3+dim)
;
  boxx1234 2 5  3 1  2 -1 1 0
   1
    boxx1234 2 5  2 0  1 0 1 0
     1-1/2*dim
;
  boxx1234 2 5  3 1  2 0 1 -1
   1
    boxx1234 2 5  2 0  1 0 1 0
     1-1/2*dim
;
  boxx1234 2 5  3 1  1 -1 2 0
   1
    boxx1234 2 5  2 0  1 0 1 0
     1-1/2*dim
;
  boxx1234 2 5  3 1  1 0 2 -1
   1
    boxx1234 2 5  2 0  1 0 1 0
     1-1/2*dim
;
  boxx1234 2 5  3 2  2 -2 1 0
   1
    boxx1234 2 5  2 0  1 0 1 0
     -1/4*(u+t)*dim
;
  boxx1234 2 5  3 2  2 -1 1 -1
   1
    boxx1234 2 5  2 0  1 0 1 0
     1/2*u-1/4*(u+t)*dim
;
  boxx1234 2 5  3 2  2 0 1 -2
   1
    boxx1234 2 5  2 0  1 0 1 0
     -1/4*(u+t)*dim
;
  boxx1234 2 5  3 2  1 -2 2 0
   1
    boxx1234 2 5  2 0  1 0 1 0
     -1/4*(u+t)*dim
;
  boxx1234 2 5  3 2  1 -1 2 -1
   1
    boxx1234 2 5  2 0  1 0 1 0
     1/2*u-1/4*(u+t)*dim
;
  boxx1234 2 5  3 2  1 0 2 -2
   1
    boxx1234 2 5  2 0  1 0 1 0
     -1/4*(u+t)*dim
;
  boxx1234 2 5  3 3  2 -3 1 0
   1
    boxx1234 2 5  2 0  1 0 1 0
     -1/8*((u+t)^2*dim^2+2*(u+t)^2*dim)*(-1+dim)^(-1)
;
  boxx1234 2 5  3 3  2 -2 1 -1
   1
    boxx1234 2 5  2 0  1 0 1 0
     -1/8*((u+t)^2*dim^2-2*((u+t)^2-2*(u+t)*t)*dim)*(-1+dim)^(-1)
;
  boxx1234 2 5  3 3  2 -1 1 -2
   1
    boxx1234 2 5  2 0  1 0 1 0
     -1/8*((u+t)^2*dim^2-2*((u+t)^2-2*(u+t)*t)*dim)*(-1+dim)^(-1)
;
  boxx1234 2 5  3 3  2 0 1 -3
   1
    boxx1234 2 5  2 0  1 0 1 0
     -1/8*((u+t)^2*dim^2+2*(u+t)^2*dim)*(-1+dim)^(-1)
;
  boxx1234 2 5  3 3  1 -3 2 0
   1
    boxx1234 2 5  2 0  1 0 1 0
     -1/8*((u+t)^2*dim^2+2*(u+t)^2*dim)*(-1+dim)^(-1)
;
  boxx1234 2 5  3 3  1 -2 2 -1
   1
    boxx1234 2 5  2 0  1 0 1 0
     -1/8*((u+t)^2*dim^2-2*((u+t)^2-2*(u+t)*t)*dim)*(-1+dim)^(-1)
;
  boxx1234 2 5  3 3  1 -1 2 -2
   1
    boxx1234 2 5  2 0  1 0 1 0
     -1/8*((u+t)^2*dim^2-2*((u+t)^2-2*(u+t)*t)*dim)*(-1+dim)^(-1)
;
  boxx1234 2 5  3 3  1 0 2 -3
   1
    boxx1234 2 5  2 0  1 0 1 0
     -1/8*((u+t)^2*dim^2+2*(u+t)^2*dim)*(-1+dim)^(-1)
;
  boxx1234 2 5  3 4  2 -4 1 0
   1
    boxx1234 2 5  2 0  1 0 1 0
     -1/16*(-1+dim)^(-1)*(6*(u+t)^3*dim+8*(u+t)^3+(u+t)^3*dim^2)
;
  boxx1234 2 5  3 4  2 -3 1 -1
   1
    boxx1234 2 5  2 0  1 0 1 0
     1/16*(-1+dim)^(-1)*(4*(u+t)^3-12*(u+t)^2*t-6*(u+t)^2*t*dim-(u+t)^3*dim^2)
;
  boxx1234 2 5  3 4  2 -2 1 -2
   1
    boxx1234 2 5  2 0  1 0 1 0
     1/16*(2*((u+t)^3-4*(u+t)^2*t)*dim-(u+t)^3*dim^2-8*(u+t)*t^2)*(-1+dim)^(-1)
;
  boxx1234 2 5  3 4  2 -1 1 -3
   1
    boxx1234 2 5  2 0  1 0 1 0
     1/16*(-1+dim)^(-1)*(4*(u+t)^3-12*(u+t)^2*t-6*(u+t)^2*t*dim-(u+t)^3*dim^2)
;
  boxx1234 2 5  3 4  2 0 1 -4
   1
    boxx1234 2 5  2 0  1 0 1 0
     -1/16*(-1+dim)^(-1)*(6*(u+t)^3*dim+8*(u+t)^3+(u+t)^3*dim^2)
;
  boxx1234 2 5  3 4  1 -4 2 0
   1
    boxx1234 2 5  2 0  1 0 1 0
     -1/16*(-1+dim)^(-1)*(6*(u+t)^3*dim+8*(u+t)^3+(u+t)^3*dim^2)
;
  boxx1234 2 5  3 4  1 -3 2 -1
   1
    boxx1234 2 5  2 0  1 0 1 0
     1/16*(-1+dim)^(-1)*(4*(u+t)^3-12*(u+t)^2*t-6*(u+t)^2*t*dim-(u+t)^3*dim^2)
;
  boxx1234 2 5  3 4  1 -2 2 -2
   1
    boxx1234 2 5  2 0  1 0 1 0
     1/16*(2*((u+t)^3-4*(u+t)^2*t)*dim-(u+t)^3*dim^2-8*(u+t)*t^2)*(-1+dim)^(-1)
;
  boxx1234 2 5  3 4  1 -1 2 -3
   1
    boxx1234 2 5  2 0  1 0 1 0
     1/16*(-1+dim)^(-1)*(4*(u+t)^3-12*(u+t)^2*t-6*(u+t)^2*t*dim-(u+t)^3*dim^2)
;
  boxx1234 2 5  3 4  1 0 2 -4
   1
    boxx1234 2 5  2 0  1 0 1 0
     -1/16*(-1+dim)^(-1)*(6*(u+t)^3*dim+8*(u+t)^3+(u+t)^3*dim^2)
;
  boxx1234 2 5  3 5  1 -5 2 0
   1
    boxx1234 2 5  3 5  2 -5 1 0
     1
    boxx1234 2 5  2 0  1 0 1 0
     -1/16*(-1+dim^2)^(-1)*(12*(u+t)^4*dim^2+(u+t)^4*dim^3+48*(u+t)^4+44*(u+t)^4*dim)
;
  boxx1234 2 5  3 5  1 -4 2 -1
   1
    boxx1234 2 5  3 5  2 -4 1 -1
     1
    boxx1234 2 5  2 0  1 0 1 0
     -1/16*(-1+dim^2)^(-1)*(64*(u+t)^3*t+4*(2*(u+t)^3*t+(u+t)^4)*dim^2+(u+t)^4*dim^3-16*(u+t)^4+4*(12*(u+t)^3*t-(u+t)^4)*dim)
;
  boxx1234 2 5  3 5  1 -3 2 -2
   1
    boxx1234 2 5  3 5  2 -3 1 -2
     1
    boxx1234 2 5  2 0  1 0 1 0
     -1/16*(-1+dim^2)^(-1)*(48*(u+t)^2*t^2+(u+t)^4*dim^3+12*(u+t)^3*t*dim^2+4*(6*(u+t)^3*t+6*(u+t)^2*t^2-(u+t)^4)*dim)
;
  boxx1234 2 5  3 5  1 -2 2 -3
   1
    boxx1234 2 5  3 5  2 -2 1 -3
     1
    boxx1234 2 5  2 0  1 0 1 0
     -1/16*(-1+dim^2)^(-1)*(48*(u+t)^2*t^2+(u+t)^4*dim^3+12*(u+t)^3*t*dim^2+4*(6*(u+t)^3*t+6*(u+t)^2*t^2-(u+t)^4)*dim)
;
  boxx1234 2 5  3 5  1 -1 2 -4
   1
    boxx1234 2 5  3 5  2 -1 1 -4
     1
    boxx1234 2 5  2 0  1 0 1 0
     -1/16*(-1+dim^2)^(-1)*(64*(u+t)^3*t+4*(2*(u+t)^3*t+(u+t)^4)*dim^2+(u+t)^4*dim^3-16*(u+t)^4+4*(12*(u+t)^3*t-(u+t)^4)*dim)
;
  boxx1234 2 5  3 5  1 0 2 -5
   1
    boxx1234 2 5  3 5  2 0 1 -5
     1
    boxx1234 2 5  2 0  1 0 1 0
     -1/16*(-1+dim^2)^(-1)*(12*(u+t)^4*dim^2+(u+t)^4*dim^3+48*(u+t)^4+44*(u+t)^4*dim)
;
  boxx1234 2 5  4 0  3 0 1 0
   1
    boxx1234 2 5  2 0  1 0 1 0
     -1/2*(u+t)^(-2)*(12+dim^2-7*dim)
;
  boxx1234 2 5  4 0  2 0 2 0
   1
    boxx1234 2 5  2 0  1 0 1 0
     -(u+t)^(-2)*(18+dim^2-9*dim)
;
  boxx1234 2 5  4 0  1 0 3 0
   1
    boxx1234 2 5  2 0  1 0 1 0
     -1/2*(u+t)^(-2)*(12+dim^2-7*dim)
;
  boxx1234 2 5  4 1  3 -1 1 0
   1
    boxx1234 2 5  2 0  1 0 1 0
     -1/4*(u+t)^(-1)*(6+dim^2-5*dim)
;
  boxx1234 2 5  4 1  3 0 1 -1
   1
    boxx1234 2 5  2 0  1 0 1 0
     -1/4*(u+t)^(-1)*(6+dim^2-5*dim)
;
  boxx1234 2 5  4 1  2 -1 2 0
   1
    boxx1234 2 5  2 0  1 0 1 0
     -1/2*(u+t)^(-1)*(12+dim^2-7*dim)
;
  boxx1234 2 5  4 1  2 0 2 -1
   1
    boxx1234 2 5  2 0  1 0 1 0
     -1/2*(u+t)^(-1)*(12+dim^2-7*dim)
;
  boxx1234 2 5  4 1  1 -1 3 0
   1
    boxx1234 2 5  2 0  1 0 1 0
     -1/4*(u+t)^(-1)*(6+dim^2-5*dim)
;
  boxx1234 2 5  4 1  1 0 3 -1
   1
    boxx1234 2 5  2 0  1 0 1 0
     -1/4*(u+t)^(-1)*(6+dim^2-5*dim)
;
  boxx1234 2 5  4 2  3 -2 1 0
   1
    boxx1234 2 5  2 0  1 0 1 0
     -1/8*dim^2+1/4*dim
;
  boxx1234 2 5  4 2  3 -1 1 -1
   1
    boxx1234 2 5  2 0  1 0 1 0
     1/8*(u+t)^(-1)*(2*(2*u+t)*dim-4*u-(u+t)*dim^2)
;
  boxx1234 2 5  4 2  3 0 1 -2
   1
    boxx1234 2 5  2 0  1 0 1 0
     -1/8*dim^2+1/4*dim
;
  boxx1234 2 5  4 2  2 -2 2 0
   1
    boxx1234 2 5  2 0  1 0 1 0
     -1-1/4*dim^2+dim
;
  boxx1234 2 5  4 2  2 -1 2 -1
   1
    boxx1234 2 5  2 0  1 0 1 0
     -1/4*(u+t)^(-1)*(12*u+4*t-2*(3*u+2*t)*dim+(u+t)*dim^2)
;
  boxx1234 2 5  4 2  2 0 2 -2
   1
    boxx1234 2 5  2 0  1 0 1 0
     -1-1/4*dim^2+dim
;
  boxx1234 2 5  4 2  1 -2 3 0
   1
    boxx1234 2 5  2 0  1 0 1 0
     -1/8*dim^2+1/4*dim
;
  boxx1234 2 5  4 2  1 -1 3 -1
   1
    boxx1234 2 5  2 0  1 0 1 0
     1/8*(u+t)^(-1)*(2*(2*u+t)*dim-4*u-(u+t)*dim^2)
;
  boxx1234 2 5  4 2  1 0 3 -2
   1
    boxx1234 2 5  2 0  1 0 1 0
     -1/8*dim^2+1/4*dim
;
  boxx1234 2 5  4 3  3 -3 1 0
   1
    boxx1234 2 5  2 0  1 0 1 0
     -1/8*(u+t)*dim-1/16*(u+t)*dim^2
;
  boxx1234 2 5  4 3  3 -2 1 -1
   1
    boxx1234 2 5  2 0  1 0 1 0
     1/8*(u-t)*dim-1/16*(u+t)*dim^2
;
  boxx1234 2 5  4 3  3 -1 1 -2
   1
    boxx1234 2 5  2 0  1 0 1 0
     1/8*(u-t)*dim-1/16*(u+t)*dim^2
;
  boxx1234 2 5  4 3  3 0 1 -3
   1
    boxx1234 2 5  2 0  1 0 1 0
     -1/8*(u+t)*dim-1/16*(u+t)*dim^2
;
  boxx1234 2 5  4 3  2 -3 2 0
   1
    boxx1234 2 5  2 0  1 0 1 0
     -1/8*(u+t)*dim^2
;
  boxx1234 2 5  4 3  2 -2 2 -1
   1
    boxx1234 2 5  2 0  1 0 1 0
     1/2*u*dim-u-1/8*(u+t)*dim^2
;
  boxx1234 2 5  4 3  2 -1 2 -2
   1
    boxx1234 2 5  2 0  1 0 1 0
     1/2*u*dim-u-1/8*(u+t)*dim^2
;
  boxx1234 2 5  4 3  2 0 2 -3
   1
    boxx1234 2 5  2 0  1 0 1 0
     -1/8*(u+t)*dim^2
;
  boxx1234 2 5  4 3  1 -3 3 0
   1
    boxx1234 2 5  2 0  1 0 1 0
     -1/8*(u+t)*dim-1/16*(u+t)*dim^2
;
  boxx1234 2 5  4 3  1 -2 3 -1
   1
    boxx1234 2 5  2 0  1 0 1 0
     1/8*(u-t)*dim-1/16*(u+t)*dim^2
;
  boxx1234 2 5  4 3  1 -1 3 -2
   1
    boxx1234 2 5  2 0  1 0 1 0
     1/8*(u-t)*dim-1/16*(u+t)*dim^2
;
  boxx1234 2 5  4 3  1 0 3 -3
   1
    boxx1234 2 5  2 0  1 0 1 0
     -1/8*(u+t)*dim-1/16*(u+t)*dim^2
;
  boxx1234 2 5  4 4  3 -4 1 0
   1
    boxx1234 2 5  2 0  1 0 1 0
     -1/32*((u+t)^2*dim^3+6*(u+t)^2*dim^2+8*(u+t)^2*dim)*(-1+dim)^(-1)
;
  boxx1234 2 5  4 4  3 -3 1 -1
   1
    boxx1234 2 5  2 0  1 0 1 0
     -1/32*((u+t)^2*dim^3-4*((u+t)^2-3*(u+t)*t)*dim+6*(u+t)*t*dim^2)*(-1+dim)^(-1)
;
  boxx1234 2 5  4 4  3 -2 1 -2
   1
    boxx1234 2 5  2 0  1 0 1 0
     -1/32*((u+t)^2*dim^3-2*((u+t)^2-4*(u+t)*t)*dim^2+8*t^2*dim)*(-1+dim)^(-1)
;
  boxx1234 2 5  4 4  3 -1 1 -3
   1
    boxx1234 2 5  2 0  1 0 1 0
     -1/32*((u+t)^2*dim^3-4*((u+t)^2-3*(u+t)*t)*dim+6*(u+t)*t*dim^2)*(-1+dim)^(-1)
;
  boxx1234 2 5  4 4  3 0 1 -4
   1
    boxx1234 2 5  2 0  1 0 1 0
     -1/32*((u+t)^2*dim^3+6*(u+t)^2*dim^2+8*(u+t)^2*dim)*(-1+dim)^(-1)
;
  boxx1234 2 5  4 4  2 -4 2 0
   1
    boxx1234 2 5  2 0  1 0 1 0
     -1/16*((u+t)^2*dim^3+4*(u+t)^2*dim^2+4*(u+t)^2*dim)*(-1+dim)^(-1)
;
  boxx1234 2 5  4 4  2 -3 2 -1
   1
    boxx1234 2 5  2 0  1 0 1 0
     -1/16*((u+t)^2*dim^3-2*((u+t)^2-3*(u+t)*t)*dim^2+4*(u+t)^2*dim)*(-1+dim)^(-1)
;
  boxx1234 2 5  4 4  2 -2 2 -2
   1
    boxx1234 2 5  2 0  1 0 1 0
     -1/16*((u+t)^2*dim^3-16*(u+t)^2-16*t^2+32*(u+t)*t-4*((u+t)^2-2*(u+t)*t)*dim^2+4*(3*(u+t)^2+2*t^2-4*(u+t)*t)*dim)*(-1+dim)^(-1)
;
  boxx1234 2 5  4 4  2 -1 2 -3
   1
    boxx1234 2 5  2 0  1 0 1 0
     -1/16*((u+t)^2*dim^3-2*((u+t)^2-3*(u+t)*t)*dim^2+4*(u+t)^2*dim)*(-1+dim)^(-1)
;
  boxx1234 2 5  4 4  2 0 2 -4
   1
    boxx1234 2 5  2 0  1 0 1 0
     -1/16*((u+t)^2*dim^3+4*(u+t)^2*dim^2+4*(u+t)^2*dim)*(-1+dim)^(-1)
;
  boxx1234 2 5  4 4  1 -4 3 0
   1
    boxx1234 2 5  2 0  1 0 1 0
     -1/32*((u+t)^2*dim^3+6*(u+t)^2*dim^2+8*(u+t)^2*dim)*(-1+dim)^(-1)
;
  boxx1234 2 5  4 4  1 -3 3 -1
   1
    boxx1234 2 5  2 0  1 0 1 0
     -1/32*((u+t)^2*dim^3-4*((u+t)^2-3*(u+t)*t)*dim+6*(u+t)*t*dim^2)*(-1+dim)^(-1)
;
  boxx1234 2 5  4 4  1 -2 3 -2
   1
    boxx1234 2 5  2 0  1 0 1 0
     -1/32*((u+t)^2*dim^3-2*((u+t)^2-4*(u+t)*t)*dim^2+8*t^2*dim)*(-1+dim)^(-1)
;
  boxx1234 2 5  4 4  1 -1 3 -3
   1
    boxx1234 2 5  2 0  1 0 1 0
     -1/32*((u+t)^2*dim^3-4*((u+t)^2-3*(u+t)*t)*dim+6*(u+t)*t*dim^2)*(-1+dim)^(-1)
;
  boxx1234 2 5  4 4  1 0 3 -4
   1
    boxx1234 2 5  2 0  1 0 1 0
     -1/32*((u+t)^2*dim^3+6*(u+t)^2*dim^2+8*(u+t)^2*dim)*(-1+dim)^(-1)
;
  boxx1234 2 5  4 5  2 -5 2 0
   1
    boxx1234 2 5  4 5  3 -5 1 0
     2
    boxx1234 2 5  2 0  1 0 1 0
     -1/16*(-1+dim)^(-1)*(38*(u+t)^3*dim+40*(u+t)^3+(u+t)^3*dim^3+11*(u+t)^3*dim^2)
;
  boxx1234 2 5  4 5  2 -4 2 -1
   1
    boxx1234 2 5  4 5  3 -4 1 -1
     2
    boxx1234 2 5  2 0  1 0 1 0
     1/16*(8*(u+t)^3-(u+t)^3*dim^3-48*(u+t)^2*t-(3*(u+t)^3+8*(u+t)^2*t)*dim^2+2*((u+t)^3-20*(u+t)^2*t)*dim)*(-1+dim)^(-1)
;
  boxx1234 2 5  4 5  2 -3 2 -2
   1
    boxx1234 2 5  4 5  3 -3 1 -2
     2
    boxx1234 2 5  2 0  1 0 1 0
     1/16*(((u+t)^3-12*(u+t)^2*t)*dim^2+8*(u+t)^3-(u+t)^3*dim^3-24*(u+t)^2*t-2*((u+t)^3+6*(u+t)^2*t+12*(u+t)*t^2)*dim-24*(u+t)*t^2)*(-1+dim)^(-1)
;
  boxx1234 2 5  4 5  2 -2 2 -3
   1
    boxx1234 2 5  4 5  3 -2 1 -3
     2
    boxx1234 2 5  2 0  1 0 1 0
     1/16*(((u+t)^3-12*(u+t)^2*t)*dim^2+8*(u+t)^3-(u+t)^3*dim^3-24*(u+t)^2*t-2*((u+t)^3+6*(u+t)^2*t+12*(u+t)*t^2)*dim-24*(u+t)*t^2)*(-1+dim)^(-1)
;
  boxx1234 2 5  4 5  2 -1 2 -4
   1
    boxx1234 2 5  4 5  3 -1 1 -4
     2
    boxx1234 2 5  2 0  1 0 1 0
     1/16*(8*(u+t)^3-(u+t)^3*dim^3-48*(u+t)^2*t-(3*(u+t)^3+8*(u+t)^2*t)*dim^2+2*((u+t)^3-20*(u+t)^2*t)*dim)*(-1+dim)^(-1)
;
  boxx1234 2 5  4 5  2 0 2 -5
   1
    boxx1234 2 5  4 5  3 0 1 -5
     2
    boxx1234 2 5  2 0  1 0 1 0
     -1/16*(-1+dim)^(-1)*(38*(u+t)^3*dim+40*(u+t)^3+(u+t)^3*dim^3+11*(u+t)^3*dim^2)
;
  boxx1234 2 5  4 5  1 -5 3 0
   1
    boxx1234 2 5  4 5  3 -5 1 0
     -1
;
  boxx1234 2 5  4 5  1 -4 3 -1
   1
    boxx1234 2 5  4 5  3 -4 1 -1
     -1
;
  boxx1234 2 5  4 5  1 -3 3 -2
   1
    boxx1234 2 5  4 5  3 -3 1 -2
     -1
;
  boxx1234 2 5  4 5  1 -2 3 -3
   1
    boxx1234 2 5  4 5  3 -2 1 -3
     -1
;
  boxx1234 2 5  4 5  1 -1 3 -4
   1
    boxx1234 2 5  4 5  3 -1 1 -4
     -1
;
  boxx1234 2 5  4 5  1 0 3 -5
   1
    boxx1234 2 5  4 5  3 0 1 -5
     -1
;
  boxx1234 2 5  5 0  4 0 1 0
   1
    boxx1234 2 5  2 0  1 0 1 0
     -1/6*(u+t)^(-3)*(-60+dim^3-12*dim^2+47*dim)
;
  boxx1234 2 5  5 0  3 0 2 0
   1
    boxx1234 2 5  2 0  1 0 1 0
     -1/2*(u+t)^(-3)*(-120+dim^3-16*dim^2+79*dim)
;
  boxx1234 2 5  5 0  2 0 3 0
   1
    boxx1234 2 5  2 0  1 0 1 0
     -1/2*(u+t)^(-3)*(-120+dim^3-16*dim^2+79*dim)
;
  boxx1234 2 5  5 0  1 0 4 0
   1
    boxx1234 2 5  2 0  1 0 1 0
     -1/6*(u+t)^(-3)*(-60+dim^3-12*dim^2+47*dim)
;
  boxx1234 2 5  5 1  4 -1 1 0
   1
    boxx1234 2 5  2 0  1 0 1 0
     -1/12*(-24+dim^3-9*dim^2+26*dim)*(u+t)^(-2)
;
  boxx1234 2 5  5 1  4 0 1 -1
   1
    boxx1234 2 5  2 0  1 0 1 0
     -1/12*(-24+dim^3-9*dim^2+26*dim)*(u+t)^(-2)
;
  boxx1234 2 5  5 1  3 -1 2 0
   1
    boxx1234 2 5  2 0  1 0 1 0
     -1/4*(-72+dim^3-13*dim^2+54*dim)*(u+t)^(-2)
;
  boxx1234 2 5  5 1  3 0 2 -1
   1
    boxx1234 2 5  2 0  1 0 1 0
     -1/4*(-72+dim^3-13*dim^2+54*dim)*(u+t)^(-2)
;
  boxx1234 2 5  5 1  2 -1 3 0
   1
    boxx1234 2 5  2 0  1 0 1 0
     -1/4*(-72+dim^3-13*dim^2+54*dim)*(u+t)^(-2)
;
  boxx1234 2 5  5 1  2 0 3 -1
   1
    boxx1234 2 5  2 0  1 0 1 0
     -1/4*(-72+dim^3-13*dim^2+54*dim)*(u+t)^(-2)
;
  boxx1234 2 5  5 1  1 -1 4 0
   1
    boxx1234 2 5  2 0  1 0 1 0
     -1/12*(-24+dim^3-9*dim^2+26*dim)*(u+t)^(-2)
;
  boxx1234 2 5  5 1  1 0 4 -1
   1
    boxx1234 2 5  2 0  1 0 1 0
     -1/12*(-24+dim^3-9*dim^2+26*dim)*(u+t)^(-2)
;
  boxx1234 2 5  5 2  4 -2 1 0
   1
    boxx1234 2 5  2 0  1 0 1 0
     -1/24*(u+t)^(-1)*(dim^3-5*dim^2+6*dim)
;
  boxx1234 2 5  5 2  4 -1 1 -1
   1
    boxx1234 2 5  2 0  1 0 1 0
     1/24*(u+t)^(-2)*(12*u-2*(8*u+3*t)*dim-(u+t)*dim^3+(7*u+5*t)*dim^2)
;
  boxx1234 2 5  5 2  4 0 1 -2
   1
    boxx1234 2 5  2 0  1 0 1 0
     -1/24*(u+t)^(-1)*(dim^3-5*dim^2+6*dim)
;
  boxx1234 2 5  5 2  3 -2 2 0
   1
    boxx1234 2 5  2 0  1 0 1 0
     -1/8*(-24+dim^3-9*dim^2+26*dim)*(u+t)^(-1)
;
  boxx1234 2 5  5 2  3 -1 2 -1
   1
    boxx1234 2 5  2 0  1 0 1 0
     1/8*(u+t)^(-2)*(60*u+24*t+(11*u+9*t)*dim^2-2*(22*u+13*t)*dim-(u+t)*dim^3)
;
  boxx1234 2 5  5 2  3 0 2 -2
   1
    boxx1234 2 5  2 0  1 0 1 0
     -1/8*(-24+dim^3-9*dim^2+26*dim)*(u+t)^(-1)
;
  boxx1234 2 5  5 2  2 -2 3 0
   1
    boxx1234 2 5  2 0  1 0 1 0
     -1/8*(-24+dim^3-9*dim^2+26*dim)*(u+t)^(-1)
;
  boxx1234 2 5  5 2  2 -1 3 -1
   1
    boxx1234 2 5  2 0  1 0 1 0
     1/8*(u+t)^(-2)*(60*u+24*t+(11*u+9*t)*dim^2-2*(22*u+13*t)*dim-(u+t)*dim^3)
;
  boxx1234 2 5  5 2  2 0 3 -2
   1
    boxx1234 2 5  2 0  1 0 1 0
     -1/8*(-24+dim^3-9*dim^2+26*dim)*(u+t)^(-1)
;
  boxx1234 2 5  5 2  1 -2 4 0
   1
    boxx1234 2 5  2 0  1 0 1 0
     -1/24*(u+t)^(-1)*(dim^3-5*dim^2+6*dim)
;
  boxx1234 2 5  5 2  1 -1 4 -1
   1
    boxx1234 2 5  2 0  1 0 1 0
     1/24*(u+t)^(-2)*(12*u-2*(8*u+3*t)*dim-(u+t)*dim^3+(7*u+5*t)*dim^2)
;
  boxx1234 2 5  5 2  1 0 4 -2
   1
    boxx1234 2 5  2 0  1 0 1 0
     -1/24*(u+t)^(-1)*(dim^3-5*dim^2+6*dim)
;
  boxx1234 2 5  5 3  4 -3 1 0
   1
    boxx1234 2 5  2 0  1 0 1 0
     -1/48*dim^3+1/12*dim
;
  boxx1234 2 5  5 3  4 -2 1 -1
   1
    boxx1234 2 5  2 0  1 0 1 0
     1/48*(u+t)^(-1)*(4*u*dim^2-4*(u-t)*dim-(u+t)*dim^3)
;
  boxx1234 2 5  5 3  4 -1 1 -2
   1
    boxx1234 2 5  2 0  1 0 1 0
     1/48*(u+t)^(-1)*(4*u*dim^2-4*(u-t)*dim-(u+t)*dim^3)
;
  boxx1234 2 5  5 3  4 0 1 -3
   1
    boxx1234 2 5  2 0  1 0 1 0
     -1/48*dim^3+1/12*dim
;
  boxx1234 2 5  5 3  3 -3 2 0
   1
    boxx1234 2 5  2 0  1 0 1 0
     -1/16*dim^3+1/4*dim^2-1/4*dim
;
  boxx1234 2 5  5 3  3 -2 2 -1
   1
    boxx1234 2 5  2 0  1 0 1 0
     1/16*(u+t)^(-1)*(32*u-4*(7*u+t)*dim+4*(2*u+t)*dim^2-(u+t)*dim^3)
;
  boxx1234 2 5  5 3  3 -1 2 -2
   1
    boxx1234 2 5  2 0  1 0 1 0
     1/16*(u+t)^(-1)*(32*u-4*(7*u+t)*dim+4*(2*u+t)*dim^2-(u+t)*dim^3)
;
  boxx1234 2 5  5 3  3 0 2 -3
   1
    boxx1234 2 5  2 0  1 0 1 0
     -1/16*dim^3+1/4*dim^2-1/4*dim
;
  boxx1234 2 5  5 3  2 -3 3 0
   1
    boxx1234 2 5  2 0  1 0 1 0
     -1/16*dim^3+1/4*dim^2-1/4*dim
;
  boxx1234 2 5  5 3  2 -2 3 -1
   1
    boxx1234 2 5  2 0  1 0 1 0
     1/16*(u+t)^(-1)*(32*u-4*(7*u+t)*dim+4*(2*u+t)*dim^2-(u+t)*dim^3)
;
  boxx1234 2 5  5 3  2 -1 3 -2
   1
    boxx1234 2 5  2 0  1 0 1 0
     1/16*(u+t)^(-1)*(32*u-4*(7*u+t)*dim+4*(2*u+t)*dim^2-(u+t)*dim^3)
;
  boxx1234 2 5  5 3  2 0 3 -3
   1
    boxx1234 2 5  2 0  1 0 1 0
     -1/16*dim^3+1/4*dim^2-1/4*dim
;
  boxx1234 2 5  5 3  1 -3 4 0
   1
    boxx1234 2 5  2 0  1 0 1 0
     -1/48*dim^3+1/12*dim
;
  boxx1234 2 5  5 3  1 -2 4 -1
   1
    boxx1234 2 5  2 0  1 0 1 0
     1/48*(u+t)^(-1)*(4*u*dim^2-4*(u-t)*dim-(u+t)*dim^3)
;
  boxx1234 2 5  5 3  1 -1 4 -2
   1
    boxx1234 2 5  2 0  1 0 1 0
     1/48*(u+t)^(-1)*(4*u*dim^2-4*(u-t)*dim-(u+t)*dim^3)
;
  boxx1234 2 5  5 3  1 0 4 -3
   1
    boxx1234 2 5  2 0  1 0 1 0
     -1/48*dim^3+1/12*dim
;
  boxx1234 2 5  5 4  4 -4 1 0
   1
    boxx1234 2 5  2 0  1 0 1 0
     -1/12*(u+t)*dim-1/16*(u+t)*dim^2-1/96*(u+t)*dim^3
;
  boxx1234 2 5  5 4  4 -3 1 -1
   1
    boxx1234 2 5  2 0  1 0 1 0
     -1/16*t*dim^2+1/24*(u-2*t)*dim-1/96*(u+t)*dim^3
;
  boxx1234 2 5  5 4  4 -2 1 -2
   1
    boxx1234 2 5  2 0  1 0 1 0
     -1/96*(u+t)^(-1)*((u+t)^2*dim^3-2*((u+t)^2-4*(u+t)*t)*dim^2+8*t^2*dim)
;
  boxx1234 2 5  5 4  4 -1 1 -3
   1
    boxx1234 2 5  2 0  1 0 1 0
     -1/16*t*dim^2+1/24*(u-2*t)*dim-1/96*(u+t)*dim^3
;
  boxx1234 2 5  5 4  4 0 1 -4
   1
    boxx1234 2 5  2 0  1 0 1 0
     -1/12*(u+t)*dim-1/16*(u+t)*dim^2-1/96*(u+t)*dim^3
;
  boxx1234 2 5  5 4  3 -4 2 0
   1
    boxx1234 2 5  2 0  1 0 1 0
     -1/16*(u+t)*dim^2-1/32*(u+t)*dim^3
;
  boxx1234 2 5  5 4  3 -3 2 -1
   1
    boxx1234 2 5  2 0  1 0 1 0
     -3/8*u*dim+1/16*(2*u-t)*dim^2-1/32*(u+t)*dim^3
;
  boxx1234 2 5  5 4  3 -2 2 -2
   1
    boxx1234 2 5  2 0  1 0 1 0
     -1/32*(u+t)^(-1)*((u+t)^2*dim^3-2*(3*(u+t)^2-4*(u+t)*t)*dim^2+8*(3*(u+t)^2+t^2-4*(u+t)*t)*dim-32*(u+t)^2-32*t^2+64*(u+t)*t)
;
  boxx1234 2 5  5 4  3 -1 2 -3
   1
    boxx1234 2 5  2 0  1 0 1 0
     -3/8*u*dim+1/16*(2*u-t)*dim^2-1/32*(u+t)*dim^3
;
  boxx1234 2 5  5 4  3 0 2 -4
   1
    boxx1234 2 5  2 0  1 0 1 0
     -1/16*(u+t)*dim^2-1/32*(u+t)*dim^3
;
  boxx1234 2 5  5 4  2 -4 3 0
   1
    boxx1234 2 5  2 0  1 0 1 0
     -1/16*(u+t)*dim^2-1/32*(u+t)*dim^3
;
  boxx1234 2 5  5 4  2 -3 3 -1
   1
    boxx1234 2 5  2 0  1 0 1 0
     -3/8*u*dim+1/16*(2*u-t)*dim^2-1/32*(u+t)*dim^3
;
  boxx1234 2 5  5 4  2 -2 3 -2
   1
    boxx1234 2 5  2 0  1 0 1 0
     -1/32*(u+t)^(-1)*((u+t)^2*dim^3-2*(3*(u+t)^2-4*(u+t)*t)*dim^2+8*(3*(u+t)^2+t^2-4*(u+t)*t)*dim-32*(u+t)^2-32*t^2+64*(u+t)*t)
;
  boxx1234 2 5  5 4  2 -1 3 -3
   1
    boxx1234 2 5  2 0  1 0 1 0
     -3/8*u*dim+1/16*(2*u-t)*dim^2-1/32*(u+t)*dim^3
;
  boxx1234 2 5  5 4  2 0 3 -4
   1
    boxx1234 2 5  2 0  1 0 1 0
     -1/16*(u+t)*dim^2-1/32*(u+t)*dim^3
;
  boxx1234 2 5  5 4  1 -4 4 0
   1
    boxx1234 2 5  2 0  1 0 1 0
     -1/12*(u+t)*dim-1/16*(u+t)*dim^2-1/96*(u+t)*dim^3
;
  boxx1234 2 5  5 4  1 -3 4 -1
   1
    boxx1234 2 5  2 0  1 0 1 0
     -1/16*t*dim^2+1/24*(u-2*t)*dim-1/96*(u+t)*dim^3
;
  boxx1234 2 5  5 4  1 -2 4 -2
   1
    boxx1234 2 5  2 0  1 0 1 0
     -1/96*(u+t)^(-1)*((u+t)^2*dim^3-2*((u+t)^2-4*(u+t)*t)*dim^2+8*t^2*dim)
;
  boxx1234 2 5  5 4  1 -1 4 -3
   1
    boxx1234 2 5  2 0  1 0 1 0
     -1/16*t*dim^2+1/24*(u-2*t)*dim-1/96*(u+t)*dim^3
;
  boxx1234 2 5  5 4  1 0 4 -4
   1
    boxx1234 2 5  2 0  1 0 1 0
     -1/12*(u+t)*dim-1/16*(u+t)*dim^2-1/96*(u+t)*dim^3
;
  boxx1234 2 5  5 5  3 -5 2 0
   1
    boxx1234 2 5  5 5  4 -5 1 0
     3
    boxx1234 2 5  5 4  4 -4 1 0
     -3*u-3*t
    boxx1234 2 5  4 4  3 -4 1 0
     -5
;
  boxx1234 2 5  5 5  3 -5 2 0
   1
    boxx1234 2 5  5 5  4 -5 1 0
     3
    boxx1234 2 5  5 4  3 -4 2 0
     -u-t
    boxx1234 2 5  4 4  2 -4 2 0
     -1
    boxx1234 2 5  4 4  3 -4 1 0
     -7
    boxx1234 2 5  3 3  2 -3 1 0
     4
;
  boxx1234 2 5  5 5  3 -4 2 -1
   1
    boxx1234 2 5  5 5  4 -4 1 -1
     3
    boxx1234 2 5  5 4  4 -3 1 -1
     -3*u-3*t
    boxx1234 2 5  4 4  3 -3 1 -1
     -4
    boxx1234 2 5  4 4  3 -4 1 0
     -1
    boxx1234 2 5  4 3  3 -3 1 0
     u
;
  boxx1234 2 5  5 5  3 -4 2 -1
   1
    boxx1234 2 5  5 5  4 -4 1 -1
     3
    boxx1234 2 5  5 4  3 -4 2 0
     -u-t
    boxx1234 2 5  4 4  2 -4 2 0
     -1
    boxx1234 2 5  4 4  3 -3 1 -1
     -4
    boxx1234 2 5  4 4  3 -4 1 0
     -3
    boxx1234 2 5  4 3  3 -3 1 0
     4*u
    boxx1234 2 5  3 3  2 -3 1 0
     4
;
  boxx1234 2 5  5 5  3 -4 2 -1
   1
    boxx1234 2 5  5 5  4 -4 1 -1
     3
    boxx1234 2 5  5 4  3 -3 2 -1
     -u-t
    boxx1234 2 5  4 4  2 -3 2 -1
     -1
    boxx1234 2 5  4 4  3 -3 1 -1
     -6
    boxx1234 2 5  4 4  3 -4 1 0
     -1
    boxx1234 2 5  4 3  3 -3 1 0
     u
    boxx1234 2 5  3 3  2 -2 1 -1
     3
    boxx1234 2 5  3 3  2 -3 1 0
     1
;
  boxx1234 2 5  5 5  3 -3 2 -2
   1
    boxx1234 2 5  5 5  4 -3 1 -2
     3
    boxx1234 2 5  5 4  4 -2 1 -2
     -3*u-3*t
    boxx1234 2 5  4 4  3 -2 1 -2
     -3
    boxx1234 2 5  4 4  3 -3 1 -1
     -2
    boxx1234 2 5  4 3  3 -2 1 -1
     2*u
;
  boxx1234 2 5  5 5  3 -3 2 -2
   1
    boxx1234 2 5  5 5  4 -3 1 -2
     3
    boxx1234 2 5  5 4  3 -3 2 -1
     -u-t
    boxx1234 2 5  4 4  2 -3 2 -1
     -1
    boxx1234 2 5  4 4  3 -2 1 -2
     -3
    boxx1234 2 5  4 4  3 -3 1 -1
     -4
    boxx1234 2 5  4 3  3 -2 1 -1
     3*u
    boxx1234 2 5  3 3  2 -2 1 -1
     3
    boxx1234 2 5  3 3  2 -3 1 0
     1
;
  boxx1234 2 5  5 5  3 -3 2 -2
   1
    boxx1234 2 5  5 5  4 -3 1 -2
     3
    boxx1234 2 5  5 4  3 -2 2 -2
     -u-t
    boxx1234 2 5  4 4  2 -2 2 -2
     -1
    boxx1234 2 5  4 4  3 -2 1 -2
     -5
    boxx1234 2 5  4 4  3 -3 1 -1
     -2
    boxx1234 2 5  4 3  3 -2 1 -1
     2*u
    boxx1234 2 5  3 3  2 -1 1 -2
     2
    boxx1234 2 5  3 3  2 -2 1 -1
     2
;
  boxx1234 2 5  5 5  3 -2 2 -3
   1
    boxx1234 2 5  5 5  4 -2 1 -3
     3
    boxx1234 2 5  5 4  4 -1 1 -3
     -3*u-3*t
    boxx1234 2 5  4 4  3 -1 1 -3
     -2
    boxx1234 2 5  4 4  3 -2 1 -2
     -3
    boxx1234 2 5  4 3  3 -1 1 -2
     3*u
;
  boxx1234 2 5  5 5  3 -2 2 -3
   1
    boxx1234 2 5  5 5  4 -2 1 -3
     3
    boxx1234 2 5  5 4  3 -2 2 -2
     -u-t
    boxx1234 2 5  4 4  2 -2 2 -2
     -1
    boxx1234 2 5  4 4  3 -1 1 -3
     -2
    boxx1234 2 5  4 4  3 -2 1 -2
     -5
    boxx1234 2 5  4 3  3 -1 1 -2
     2*u
    boxx1234 2 5  3 3  2 -1 1 -2
     2
    boxx1234 2 5  3 3  2 -2 1 -1
     2
;
  boxx1234 2 5  5 5  3 -2 2 -3
   1
    boxx1234 2 5  5 5  4 -2 1 -3
     3
    boxx1234 2 5  5 4  3 -1 2 -3
     -u-t
    boxx1234 2 5  4 4  2 -1 2 -3
     -1
    boxx1234 2 5  4 4  3 -1 1 -3
     -4
    boxx1234 2 5  4 4  3 -2 1 -2
     -3
    boxx1234 2 5  4 3  3 -1 1 -2
     3*u
    boxx1234 2 5  3 3  2 0 1 -3
     1
    boxx1234 2 5  3 3  2 -1 1 -2
     3
;
  boxx1234 2 5  5 5  3 -1 2 -4
   1
    boxx1234 2 5  5 5  4 -1 1 -4
     3
    boxx1234 2 5  5 4  4 0 1 -4
     -3*u-3*t
    boxx1234 2 5  4 4  3 0 1 -4
     -1
    boxx1234 2 5  4 4  3 -1 1 -3
     -4
    boxx1234 2 5  4 3  3 0 1 -3
     4*u
;
  boxx1234 2 5  5 5  3 -1 2 -4
   1
    boxx1234 2 5  5 5  4 -1 1 -4
     3
    boxx1234 2 5  5 4  3 -1 2 -3
     -u-t
    boxx1234 2 5  4 4  2 -1 2 -3
     -1
    boxx1234 2 5  4 4  3 0 1 -4
     -1
    boxx1234 2 5  4 4  3 -1 1 -3
     -6
    boxx1234 2 5  4 3  3 0 1 -3
     u
    boxx1234 2 5  3 3  2 0 1 -3
     1
    boxx1234 2 5  3 3  2 -1 1 -2
     3
;
  boxx1234 2 5  5 5  3 -1 2 -4
   1
    boxx1234 2 5  5 5  4 -1 1 -4
     3
    boxx1234 2 5  5 4  3 0 2 -4
     -u-t
    boxx1234 2 5  4 4  2 0 2 -4
     -1
    boxx1234 2 5  4 4  3 0 1 -4
     -3
    boxx1234 2 5  4 4  3 -1 1 -3
     -4
    boxx1234 2 5  4 3  3 0 1 -3
     4*u
    boxx1234 2 5  3 3  2 0 1 -3
     4
;
  boxx1234 2 5  5 5  3 0 2 -5
   1
    boxx1234 2 5  5 5  4 0 1 -5
     3
    boxx1234 2 5  5 4  3 0 2 -4
     -u-t
    boxx1234 2 5  4 4  2 0 2 -4
     -1
    boxx1234 2 5  4 4  3 0 1 -4
     -7
    boxx1234 2 5  3 3  2 0 1 -3
     4
;
  boxx1234 2 5  5 5  2 -5 3 0
   1
    boxx1234 2 5  5 5  3 -5 2 0
     1
    boxx1234 2 5  5 4  3 -4 2 0
     -u-t
    boxx1234 2 5  4 4  2 -4 2 0
     -3
    boxx1234 2 5  4 4  3 -4 1 0
     -1
    boxx1234 2 5  3 3  2 -3 1 0
     2
;
  boxx1234 2 5  5 5  2 -5 3 0
   1
    boxx1234 2 5  5 5  3 -5 2 0
     1
    boxx1234 2 5  5 4  2 -4 3 0
     -u-t
    boxx1234 2 5  4 4  1 -4 3 0
     -1
    boxx1234 2 5  4 4  2 -4 2 0
     -3
    boxx1234 2 5  3 3  1 -3 2 0
     2
;
  boxx1234 2 5  5 5  2 -4 3 -1
   1
    boxx1234 2 5  5 5  3 -4 2 -1
     1
    boxx1234 2 5  5 4  3 -3 2 -1
     -u-t
    boxx1234 2 5  4 4  2 -3 2 -1
     -5/2
    boxx1234 2 5  4 4  2 -4 2 0
     -1/2
    boxx1234 2 5  4 4  3 -3 1 -1
     -1
    boxx1234 2 5  4 3  2 -3 2 0
     1/2*u
    boxx1234 2 5  3 3  2 -2 1 -1
     3/2
    boxx1234 2 5  3 3  2 -3 1 0
     1/2
;
  boxx1234 2 5  5 5  2 -4 3 -1
   1
    boxx1234 2 5  5 5  3 -4 2 -1
     1
    boxx1234 2 5  5 4  2 -4 3 0
     -u-t
    boxx1234 2 5  4 4  1 -4 3 0
     -1
    boxx1234 2 5  4 4  2 -3 2 -1
     -2
    boxx1234 2 5  4 4  2 -4 2 0
     -1
    boxx1234 2 5  4 3  2 -3 2 0
     2*u
    boxx1234 2 5  3 3  1 -3 2 0
     2
;
  boxx1234 2 5  5 5  2 -4 3 -1
   1
    boxx1234 2 5  5 5  3 -4 2 -1
     1
    boxx1234 2 5  5 4  2 -3 3 -1
     -u-t
    boxx1234 2 5  4 4  1 -3 3 -1
     -1
    boxx1234 2 5  4 4  2 -3 2 -1
     -5/2
    boxx1234 2 5  4 4  2 -4 2 0
     -1/2
    boxx1234 2 5  4 3  2 -3 2 0
     1/2*u
    boxx1234 2 5  3 3  1 -2 2 -1
     3/2
    boxx1234 2 5  3 3  1 -3 2 0
     1/2
;
  boxx1234 2 5  5 5  2 -3 3 -2
   1
    boxx1234 2 5  5 5  3 -3 2 -2
     1
    boxx1234 2 5  5 4  3 -2 2 -2
     -u-t
    boxx1234 2 5  4 4  2 -2 2 -2
     -2
    boxx1234 2 5  4 4  2 -3 2 -1
     -1
    boxx1234 2 5  4 4  3 -2 1 -2
     -1
    boxx1234 2 5  4 3  2 -2 2 -1
     u
    boxx1234 2 5  3 3  2 -1 1 -2
     1
    boxx1234 2 5  3 3  2 -2 1 -1
     1
;
  boxx1234 2 5  5 5  2 -3 3 -2
   1
    boxx1234 2 5  5 5  3 -3 2 -2
     1
    boxx1234 2 5  5 4  2 -3 3 -1
     -u-t
    boxx1234 2 5  4 4  1 -3 3 -1
     -1
    boxx1234 2 5  4 4  2 -2 2 -2
     -3/2
    boxx1234 2 5  4 4  2 -3 2 -1
     -3/2
    boxx1234 2 5  4 3  2 -2 2 -1
     3/2*u
    boxx1234 2 5  3 3  1 -2 2 -1
     3/2
    boxx1234 2 5  3 3  1 -3 2 0
     1/2
;
  boxx1234 2 5  5 5  2 -3 3 -2
   1
    boxx1234 2 5  5 5  3 -3 2 -2
     1
    boxx1234 2 5  5 4  2 -2 3 -2
     -u-t
    boxx1234 2 5  4 4  1 -2 3 -2
     -1
    boxx1234 2 5  4 4  2 -2 2 -2
     -2
    boxx1234 2 5  4 4  2 -3 2 -1
     -1
    boxx1234 2 5  4 3  2 -2 2 -1
     u
    boxx1234 2 5  3 3  1 -1 2 -2
     1
    boxx1234 2 5  3 3  1 -2 2 -1
     1
;
  boxx1234 2 5  5 5  2 -2 3 -3
   1
    boxx1234 2 5  5 5  3 -2 2 -3
     1
    boxx1234 2 5  5 4  3 -1 2 -3
     -u-t
    boxx1234 2 5  4 4  2 -1 2 -3
     -3/2
    boxx1234 2 5  4 4  2 -2 2 -2
     -3/2
    boxx1234 2 5  4 4  3 -1 1 -3
     -1
    boxx1234 2 5  4 3  2 -1 2 -2
     3/2*u
    boxx1234 2 5  3 3  2 0 1 -3
     1/2
    boxx1234 2 5  3 3  2 -1 1 -2
     3/2
;
  boxx1234 2 5  5 5  2 -2 3 -3
   1
    boxx1234 2 5  5 5  3 -2 2 -3
     1
    boxx1234 2 5  5 4  2 -2 3 -2
     -u-t
    boxx1234 2 5  4 4  1 -2 3 -2
     -1
    boxx1234 2 5  4 4  2 -1 2 -3
     -1
    boxx1234 2 5  4 4  2 -2 2 -2
     -2
    boxx1234 2 5  4 3  2 -1 2 -2
     u
    boxx1234 2 5  3 3  1 -1 2 -2
     1
    boxx1234 2 5  3 3  1 -2 2 -1
     1
;
  boxx1234 2 5  5 5  2 -2 3 -3
   1
    boxx1234 2 5  5 5  3 -2 2 -3
     1
    boxx1234 2 5  5 4  2 -1 3 -3
     -u-t
    boxx1234 2 5  4 4  1 -1 3 -3
     -1
    boxx1234 2 5  4 4  2 -1 2 -3
     -3/2
    boxx1234 2 5  4 4  2 -2 2 -2
     -3/2
    boxx1234 2 5  4 3  2 -1 2 -2
     3/2*u
    boxx1234 2 5  3 3  1 0 2 -3
     1/2
    boxx1234 2 5  3 3  1 -1 2 -2
     3/2
;
  boxx1234 2 5  5 5  2 -1 3 -4
   1
    boxx1234 2 5  5 5  3 -1 2 -4
     1
    boxx1234 2 5  5 4  3 0 2 -4
     -u-t
    boxx1234 2 5  4 4  2 0 2 -4
     -1
    boxx1234 2 5  4 4  2 -1 2 -3
     -2
    boxx1234 2 5  4 4  3 0 1 -4
     -1
    boxx1234 2 5  4 3  2 0 2 -3
     2*u
    boxx1234 2 5  3 3  2 0 1 -3
     2
;
  boxx1234 2 5  5 5  2 -1 3 -4
   1
    boxx1234 2 5  5 5  3 -1 2 -4
     1
    boxx1234 2 5  5 4  2 -1 3 -3
     -u-t
    boxx1234 2 5  4 4  1 -1 3 -3
     -1
    boxx1234 2 5  4 4  2 0 2 -4
     -1/2
    boxx1234 2 5  4 4  2 -1 2 -3
     -5/2
    boxx1234 2 5  4 3  2 0 2 -3
     1/2*u
    boxx1234 2 5  3 3  1 0 2 -3
     1/2
    boxx1234 2 5  3 3  1 -1 2 -2
     3/2
;
  boxx1234 2 5  5 5  2 -1 3 -4
   1
    boxx1234 2 5  5 5  3 -1 2 -4
     1
    boxx1234 2 5  5 4  2 0 3 -4
     -u-t
    boxx1234 2 5  4 4  1 0 3 -4
     -1
    boxx1234 2 5  4 4  2 0 2 -4
     -1
    boxx1234 2 5  4 4  2 -1 2 -3
     -2
    boxx1234 2 5  4 3  2 0 2 -3
     2*u
    boxx1234 2 5  3 3  1 0 2 -3
     2
;
  boxx1234 2 5  5 5  2 0 3 -5
   1
    boxx1234 2 5  5 5  3 0 2 -5
     1
    boxx1234 2 5  5 4  2 0 3 -4
     -u-t
    boxx1234 2 5  4 4  1 0 3 -4
     -1
    boxx1234 2 5  4 4  2 0 2 -4
     -3
    boxx1234 2 5  3 3  1 0 2 -3
     2
;
  boxx1234 2 5  5 5  1 -5 4 0
   1
    boxx1234 2 5  5 5  2 -5 3 0
     1/3
    boxx1234 2 5  5 4  2 -4 3 0
     -1/3*u-1/3*t
    boxx1234 2 5  4 4  1 -4 3 0
     -7/3
    boxx1234 2 5  4 4  2 -4 2 0
     -1/3
    boxx1234 2 5  3 3  1 -3 2 0
     4/3
;
  boxx1234 2 5  5 5  1 -5 4 0
   1
    boxx1234 2 5  5 5  2 -5 3 0
     1/3
    boxx1234 2 5  5 4  1 -4 4 0
     -u-t
    boxx1234 2 5  4 4  1 -4 3 0
     -5/3
;
  boxx1234 2 5  5 5  1 -4 4 -1
   1
    boxx1234 2 5  5 5  2 -4 3 -1
     1/3
    boxx1234 2 5  5 4  2 -3 3 -1
     -1/3*u-1/3*t
    boxx1234 2 5  4 4  1 -3 3 -1
     -2
    boxx1234 2 5  4 4  1 -4 3 0
     -1/3
    boxx1234 2 5  4 4  2 -3 2 -1
     -1/3
    boxx1234 2 5  4 3  1 -3 3 0
     1/3*u
    boxx1234 2 5  3 3  1 -2 2 -1
     1
    boxx1234 2 5  3 3  1 -3 2 0
     1/3
;
  boxx1234 2 5  5 5  1 -4 4 -1
   1
    boxx1234 2 5  5 5  2 -4 3 -1
     1/3
    boxx1234 2 5  5 4  1 -4 4 0
     -u-t
    boxx1234 2 5  4 4  1 -3 3 -1
     -4/3
    boxx1234 2 5  4 4  1 -4 3 0
     -1/3
    boxx1234 2 5  4 3  1 -3 3 0
     4/3*u
;
  boxx1234 2 5  5 5  1 -4 4 -1
   1
    boxx1234 2 5  5 5  2 -4 3 -1
     1/3
    boxx1234 2 5  5 4  1 -3 4 -1
     -u-t
    boxx1234 2 5  4 4  1 -3 3 -1
     -4/3
    boxx1234 2 5  4 4  1 -4 3 0
     -1/3
    boxx1234 2 5  4 3  1 -3 3 0
     1/3*u
;
  boxx1234 2 5  5 5  1 -3 4 -2
   1
    boxx1234 2 5  5 5  2 -3 3 -2
     1/3
    boxx1234 2 5  5 4  2 -2 3 -2
     -1/3*u-1/3*t
    boxx1234 2 5  4 4  1 -2 3 -2
     -5/3
    boxx1234 2 5  4 4  1 -3 3 -1
     -2/3
    boxx1234 2 5  4 4  2 -2 2 -2
     -1/3
    boxx1234 2 5  4 3  1 -2 3 -1
     2/3*u
    boxx1234 2 5  3 3  1 -1 2 -2
     2/3
    boxx1234 2 5  3 3  1 -2 2 -1
     2/3
;
  boxx1234 2 5  5 5  1 -3 4 -2
   1
    boxx1234 2 5  5 5  2 -3 3 -2
     1/3
    boxx1234 2 5  5 4  1 -3 4 -1
     -u-t
    boxx1234 2 5  4 4  1 -2 3 -2
     -1
    boxx1234 2 5  4 4  1 -3 3 -1
     -2/3
    boxx1234 2 5  4 3  1 -2 3 -1
     u
;
  boxx1234 2 5  5 5  1 -3 4 -2
   1
    boxx1234 2 5  5 5  2 -3 3 -2
     1/3
    boxx1234 2 5  5 4  1 -2 4 -2
     -u-t
    boxx1234 2 5  4 4  1 -2 3 -2
     -1
    boxx1234 2 5  4 4  1 -3 3 -1
     -2/3
    boxx1234 2 5  4 3  1 -2 3 -1
     2/3*u
;
  boxx1234 2 5  5 5  1 -2 4 -3
   1
    boxx1234 2 5  5 5  2 -2 3 -3
     1/3
    boxx1234 2 5  5 4  2 -1 3 -3
     -1/3*u-1/3*t
    boxx1234 2 5  4 4  1 -1 3 -3
     -4/3
    boxx1234 2 5  4 4  1 -2 3 -2
     -1
    boxx1234 2 5  4 4  2 -1 2 -3
     -1/3
    boxx1234 2 5  4 3  1 -1 3 -2
     u
    boxx1234 2 5  3 3  1 0 2 -3
     1/3
    boxx1234 2 5  3 3  1 -1 2 -2
     1
;
  boxx1234 2 5  5 5  1 -2 4 -3
   1
    boxx1234 2 5  5 5  2 -2 3 -3
     1/3
    boxx1234 2 5  5 4  1 -2 4 -2
     -u-t
    boxx1234 2 5  4 4  1 -1 3 -3
     -2/3
    boxx1234 2 5  4 4  1 -2 3 -2
     -1
    boxx1234 2 5  4 3  1 -1 3 -2
     2/3*u
;
  boxx1234 2 5  5 5  1 -2 4 -3
   1
    boxx1234 2 5  5 5  2 -2 3 -3
     1/3
    boxx1234 2 5  5 4  1 -1 4 -3
     -u-t
    boxx1234 2 5  4 4  1 -1 3 -3
     -2/3
    boxx1234 2 5  4 4  1 -2 3 -2
     -1
    boxx1234 2 5  4 3  1 -1 3 -2
     u
;
  boxx1234 2 5  5 5  1 -1 4 -4
   1
    boxx1234 2 5  5 5  2 -1 3 -4
     1/3
    boxx1234 2 5  5 4  2 0 3 -4
     -1/3*u-1/3*t
    boxx1234 2 5  4 4  1 0 3 -4
     -1
    boxx1234 2 5  4 4  1 -1 3 -3
     -4/3
    boxx1234 2 5  4 4  2 0 2 -4
     -1/3
    boxx1234 2 5  4 3  1 0 3 -3
     4/3*u
    boxx1234 2 5  3 3  1 0 2 -3
     4/3
;
  boxx1234 2 5  5 5  1 -1 4 -4
   1
    boxx1234 2 5  5 5  2 -1 3 -4
     1/3
    boxx1234 2 5  5 4  1 -1 4 -3
     -u-t
    boxx1234 2 5  4 4  1 0 3 -4
     -1/3
    boxx1234 2 5  4 4  1 -1 3 -3
     -4/3
    boxx1234 2 5  4 3  1 0 3 -3
     1/3*u
;
  boxx1234 2 5  5 5  1 -1 4 -4
   1
    boxx1234 2 5  5 5  2 -1 3 -4
     1/3
    boxx1234 2 5  5 4  1 0 4 -4
     -u-t
    boxx1234 2 5  4 4  1 0 3 -4
     -1/3
    boxx1234 2 5  4 4  1 -1 3 -3
     -4/3
    boxx1234 2 5  4 3  1 0 3 -3
     4/3*u
;
  boxx1234 2 5  5 5  1 0 4 -5
   1
    boxx1234 2 5  5 5  2 0 3 -5
     1/3
    boxx1234 2 5  5 4  1 0 4 -4
     -u-t
    boxx1234 2 5  4 4  1 0 3 -4
     -5/3
;
  boxx1234 2 5  6 0  4 0 2 0
   1
    boxx1234 2 5  5 0  3 0 2 0
     (u+t)^(-1)
    boxx1234 2 5  5 0  4 0 1 0
     -(u+t)^(-1)*(-9+dim)
;
  boxx1234 2 5  6 0  3 0 3 0
   1
    boxx1234 2 5  5 0  2 0 3 0
     (u+t)^(-1)
    boxx1234 2 5  5 0  3 0 2 0
     -1/2*(u+t)^(-1)*(-8+dim)
;
  boxx1234 2 5  6 0  2 0 4 0
   1
    boxx1234 2 5  5 0  1 0 4 0
     (u+t)^(-1)
    boxx1234 2 5  5 0  2 0 3 0
     -1/3*(u+t)^(-1)*(-7+dim)
;
  boxx1234 2 5  6 0  1 0 5 0
   1
    boxx1234 2 5  5 0  1 0 4 0
     -1/4*(u+t)^(-1)*(-6+dim)
;
  boxx1234 2 5  6 1  4 -1 2 0
   1
    boxx1234 2 5  5 1  3 -1 2 0
     (u+t)^(-1)
    boxx1234 2 5  5 1  4 -1 1 0
     -(u+t)^(-1)*(-8+dim)
    boxx1234 2 5  4 0  3 0 1 0
     -(u+t)^(-1)
;
  boxx1234 2 5  6 1  4 -1 2 0
   1
    boxx1234 2 5  6 1  5 -1 1 0
     4
    boxx1234 2 5  6 0  5 0 1 0
     -4*u-4*t
    boxx1234 2 5  5 0  4 0 1 0
     -1
;
  boxx1234 2 5  6 1  4 -1 2 0
   1
    boxx1234 2 5  6 1  5 -1 1 0
     4
    boxx1234 2 5  6 0  4 0 2 0
     -u-t
    boxx1234 2 5  5 0  3 0 2 0
     -1
    boxx1234 2 5  5 0  4 0 1 0
     -4
;
  boxx1234 2 5  6 1  4 0 2 -1
   1
    boxx1234 2 5  5 1  3 0 2 -1
     (u+t)^(-1)
    boxx1234 2 5  5 1  4 0 1 -1
     -(u+t)^(-1)*(-8+dim)
    boxx1234 2 5  4 0  3 0 1 0
     -(u+t)^(-1)
;
  boxx1234 2 5  6 1  4 0 2 -1
   1
    boxx1234 2 5  6 1  5 0 1 -1
     4
    boxx1234 2 5  6 0  4 0 2 0
     -u-t
    boxx1234 2 5  5 0  3 0 2 0
     -1
    boxx1234 2 5  5 0  4 0 1 0
     -4
;
  boxx1234 2 5  6 1  3 -1 3 0
   1
    boxx1234 2 5  5 1  2 -1 3 0
     (u+t)^(-1)
    boxx1234 2 5  5 1  3 -1 2 0
     -1/2*(u+t)^(-1)*(-7+dim)
    boxx1234 2 5  4 0  2 0 2 0
     -1/2*(u+t)^(-1)
;
  boxx1234 2 5  6 1  3 -1 3 0
   1
    boxx1234 2 5  6 1  4 -1 2 0
     3/2
    boxx1234 2 5  6 0  4 0 2 0
     -3/2*u-3/2*t
    boxx1234 2 5  5 0  3 0 2 0
     -1
    boxx1234 2 5  5 0  4 0 1 0
     -3/2
;
  boxx1234 2 5  6 1  3 -1 3 0
   1
    boxx1234 2 5  6 1  4 -1 2 0
     3/2
    boxx1234 2 5  6 0  3 0 3 0
     -u-t
    boxx1234 2 5  5 0  2 0 3 0
     -1
    boxx1234 2 5  5 0  3 0 2 0
     -3/2
;
  boxx1234 2 5  6 1  3 0 3 -1
   1
    boxx1234 2 5  5 1  2 0 3 -1
     (u+t)^(-1)
    boxx1234 2 5  5 1  3 0 2 -1
     -1/2*(u+t)^(-1)*(-7+dim)
    boxx1234 2 5  4 0  2 0 2 0
     -1/2*(u+t)^(-1)
;
  boxx1234 2 5  6 1  3 0 3 -1
   1
    boxx1234 2 5  6 1  4 0 2 -1
     3/2
    boxx1234 2 5  6 0  3 0 3 0
     -u-t
    boxx1234 2 5  5 0  2 0 3 0
     -1
    boxx1234 2 5  5 0  3 0 2 0
     -3/2
;
  boxx1234 2 5  6 1  2 -1 4 0
   1
    boxx1234 2 5  5 1  1 -1 4 0
     (u+t)^(-1)
    boxx1234 2 5  5 1  2 -1 3 0
     -1/3*(u+t)^(-1)*(-6+dim)
    boxx1234 2 5  4 0  1 0 3 0
     -1/3*(u+t)^(-1)
;
  boxx1234 2 5  6 1  2 -1 4 0
   1
    boxx1234 2 5  6 1  3 -1 3 0
     2/3
    boxx1234 2 5  6 0  3 0 3 0
     -2/3*u-2/3*t
    boxx1234 2 5  5 0  2 0 3 0
     -1
    boxx1234 2 5  5 0  3 0 2 0
     -2/3
;
  boxx1234 2 5  6 1  2 -1 4 0
   1
    boxx1234 2 5  6 1  3 -1 3 0
     2/3
    boxx1234 2 5  6 0  2 0 4 0
     -u-t
    boxx1234 2 5  5 0  1 0 4 0
     -1
    boxx1234 2 5  5 0  2 0 3 0
     -2/3
;
  boxx1234 2 5  6 1  2 0 4 -1
   1
    boxx1234 2 5  5 1  1 0 4 -1
     (u+t)^(-1)
    boxx1234 2 5  5 1  2 0 3 -1
     -1/3*(u+t)^(-1)*(-6+dim)
    boxx1234 2 5  4 0  1 0 3 0
     -1/3*(u+t)^(-1)
;
  boxx1234 2 5  6 1  2 0 4 -1
   1
    boxx1234 2 5  6 1  3 0 3 -1
     2/3
    boxx1234 2 5  6 0  2 0 4 0
     -u-t
    boxx1234 2 5  5 0  1 0 4 0
     -1
    boxx1234 2 5  5 0  2 0 3 0
     -2/3
;
  boxx1234 2 5  6 1  1 -1 5 0
   1
    boxx1234 2 5  5 1  1 -1 4 0
     -1/4*(-5+dim)*(u+t)^(-1)
;
  boxx1234 2 5  6 1  1 -1 5 0
   1
    boxx1234 2 5  6 1  2 -1 4 0
     1/4
    boxx1234 2 5  6 0  2 0 4 0
     -1/4*u-1/4*t
    boxx1234 2 5  5 0  1 0 4 0
     -1
    boxx1234 2 5  5 0  2 0 3 0
     -1/4
;
  boxx1234 2 5  6 1  1 -1 5 0
   1
    boxx1234 2 5  6 1  2 -1 4 0
     1/4
    boxx1234 2 5  6 0  1 0 5 0
     -u-t
    boxx1234 2 5  5 0  1 0 4 0
     -1/4
;
  boxx1234 2 5  6 1  1 0 5 -1
   1
    boxx1234 2 5  5 1  1 0 4 -1
     -1/4*(-5+dim)*(u+t)^(-1)
;
  boxx1234 2 5  6 1  1 0 5 -1
   1
    boxx1234 2 5  6 1  2 0 4 -1
     1/4
    boxx1234 2 5  6 0  1 0 5 0
     -u-t
    boxx1234 2 5  5 0  1 0 4 0
     -1/4
;
  boxx1234 2 5  6 2  4 -2 2 0
   1
    boxx1234 2 5  5 2  3 -2 2 0
     (u+t)^(-1)
    boxx1234 2 5  5 2  4 -2 1 0
     -(u+t)^(-1)*(-7+dim)
    boxx1234 2 5  4 1  3 -1 1 0
     -2*(u+t)^(-1)
;
  boxx1234 2 5  6 2  4 -2 2 0
   1
    boxx1234 2 5  6 2  5 -2 1 0
     4
    boxx1234 2 5  6 1  5 -1 1 0
     -4*u-4*t
    boxx1234 2 5  5 1  4 -1 1 0
     -2
;
  boxx1234 2 5  6 2  4 -2 2 0
   1
    boxx1234 2 5  6 2  5 -2 1 0
     4
    boxx1234 2 5  6 1  4 -1 2 0
     -u-t
    boxx1234 2 5  5 1  3 -1 2 0
     -1
    boxx1234 2 5  5 1  4 -1 1 0
     -5
    boxx1234 2 5  4 0  3 0 1 0
     1
;
  boxx1234 2 5  6 2  4 -1 2 -1
   1
    boxx1234 2 5  5 2  3 -1 2 -1
     (u+t)^(-1)
    boxx1234 2 5  5 2  4 -1 1 -1
     -(u+t)^(-1)*(-7+dim)
    boxx1234 2 5  4 1  3 0 1 -1
     -(u+t)^(-1)
    boxx1234 2 5  4 1  3 -1 1 0
     -(u+t)^(-1)
;
  boxx1234 2 5  6 2  4 -1 2 -1
   1
    boxx1234 2 5  6 2  5 -1 1 -1
     4
    boxx1234 2 5  6 1  5 0 1 -1
     -4*u-4*t
    boxx1234 2 5  5 1  4 0 1 -1
     -1
    boxx1234 2 5  5 1  4 -1 1 0
     -1
    boxx1234 2 5  5 0  4 0 1 0
     u
;
  boxx1234 2 5  6 2  4 -1 2 -1
   1
    boxx1234 2 5  6 2  5 -1 1 -1
     4
    boxx1234 2 5  6 1  4 -1 2 0
     -u-t
    boxx1234 2 5  5 1  3 -1 2 0
     -1
    boxx1234 2 5  5 1  4 0 1 -1
     -1
    boxx1234 2 5  5 1  4 -1 1 0
     -4
    boxx1234 2 5  5 0  4 0 1 0
     u
    boxx1234 2 5  4 0  3 0 1 0
     1
;
  boxx1234 2 5  6 2  4 -1 2 -1
   1
    boxx1234 2 5  6 2  5 -1 1 -1
     4
    boxx1234 2 5  6 1  4 0 2 -1
     -u-t
    boxx1234 2 5  5 1  3 0 2 -1
     -1
    boxx1234 2 5  5 1  4 0 1 -1
     -4
    boxx1234 2 5  5 1  4 -1 1 0
     -1
    boxx1234 2 5  5 0  4 0 1 0
     u
    boxx1234 2 5  4 0  3 0 1 0
     1
;
  boxx1234 2 5  6 2  4 0 2 -2
   1
    boxx1234 2 5  5 2  3 0 2 -2
     (u+t)^(-1)
    boxx1234 2 5  5 2  4 0 1 -2
     -(u+t)^(-1)*(-7+dim)
    boxx1234 2 5  4 1  3 0 1 -1
     -2*(u+t)^(-1)
;
  boxx1234 2 5  6 2  4 0 2 -2
   1
    boxx1234 2 5  6 2  5 0 1 -2
     4
    boxx1234 2 5  6 1  4 0 2 -1
     -u-t
    boxx1234 2 5  5 1  3 0 2 -1
     -1
    boxx1234 2 5  5 1  4 0 1 -1
     -5
    boxx1234 2 5  4 0  3 0 1 0
     1
;
  boxx1234 2 5  6 2  3 -2 3 0
   1
    boxx1234 2 5  5 2  2 -2 3 0
     (u+t)^(-1)
    boxx1234 2 5  5 2  3 -2 2 0
     -1/2*(u+t)^(-1)*(-6+dim)
    boxx1234 2 5  4 1  2 -1 2 0
     -(u+t)^(-1)
;
  boxx1234 2 5  6 2  3 -2 3 0
   1
    boxx1234 2 5  6 2  4 -2 2 0
     3/2
    boxx1234 2 5  6 1  4 -1 2 0
     -3/2*u-3/2*t
    boxx1234 2 5  5 1  3 -1 2 0
     -3/2
    boxx1234 2 5  5 1  4 -1 1 0
     -3/2
    boxx1234 2 5  4 0  3 0 1 0
     1/2
;
  boxx1234 2 5  6 2  3 -2 3 0
   1
    boxx1234 2 5  6 2  4 -2 2 0
     3/2
    boxx1234 2 5  6 1  3 -1 3 0
     -u-t
    boxx1234 2 5  5 1  2 -1 3 0
     -1
    boxx1234 2 5  5 1  3 -1 2 0
     -2
    boxx1234 2 5  4 0  2 0 2 0
     1/2
;
  boxx1234 2 5  6 2  3 -1 3 -1
   1
    boxx1234 2 5  5 2  2 -1 3 -1
     (u+t)^(-1)
    boxx1234 2 5  5 2  3 -1 2 -1
     -1/2*(u+t)^(-1)*(-6+dim)
    boxx1234 2 5  4 1  2 0 2 -1
     -1/2*(u+t)^(-1)
    boxx1234 2 5  4 1  2 -1 2 0
     -1/2*(u+t)^(-1)
;
  boxx1234 2 5  6 2  3 -1 3 -1
   1
    boxx1234 2 5  6 2  4 -1 2 -1
     3/2
    boxx1234 2 5  6 1  4 0 2 -1
     -3/2*u-3/2*t
    boxx1234 2 5  5 1  3 0 2 -1
     -1
    boxx1234 2 5  5 1  3 -1 2 0
     -1/2
    boxx1234 2 5  5 1  4 0 1 -1
     -3/2
    boxx1234 2 5  5 0  3 0 2 0
     1/2*u
    boxx1234 2 5  4 0  3 0 1 0
     1/2
;
  boxx1234 2 5  6 2  3 -1 3 -1
   1
    boxx1234 2 5  6 2  4 -1 2 -1
     3/2
    boxx1234 2 5  6 1  3 -1 3 0
     -u-t
    boxx1234 2 5  5 1  2 -1 3 0
     -1
    boxx1234 2 5  5 1  3 0 2 -1
     -1/2
    boxx1234 2 5  5 1  3 -1 2 0
     -3/2
    boxx1234 2 5  5 0  3 0 2 0
     1/2*u
    boxx1234 2 5  4 0  2 0 2 0
     1/2
;
  boxx1234 2 5  6 2  3 -1 3 -1
   1
    boxx1234 2 5  6 2  4 -1 2 -1
     3/2
    boxx1234 2 5  6 1  3 0 3 -1
     -u-t
    boxx1234 2 5  5 1  2 0 3 -1
     -1
    boxx1234 2 5  5 1  3 0 2 -1
     -3/2
    boxx1234 2 5  5 1  3 -1 2 0
     -1/2
    boxx1234 2 5  5 0  3 0 2 0
     1/2*u
    boxx1234 2 5  4 0  2 0 2 0
     1/2
;
  boxx1234 2 5  6 2  3 0 3 -2
   1
    boxx1234 2 5  5 2  2 0 3 -2
     (u+t)^(-1)
    boxx1234 2 5  5 2  3 0 2 -2
     -1/2*(u+t)^(-1)*(-6+dim)
    boxx1234 2 5  4 1  2 0 2 -1
     -(u+t)^(-1)
;
  boxx1234 2 5  6 2  3 0 3 -2
   1
    boxx1234 2 5  6 2  4 0 2 -2
     3/2
    boxx1234 2 5  6 1  3 0 3 -1
     -u-t
    boxx1234 2 5  5 1  2 0 3 -1
     -1
    boxx1234 2 5  5 1  3 0 2 -1
     -2
    boxx1234 2 5  4 0  2 0 2 0
     1/2
;
  boxx1234 2 5  6 2  2 -2 4 0
   1
    boxx1234 2 5  5 2  1 -2 4 0
     (u+t)^(-1)
    boxx1234 2 5  5 2  2 -2 3 0
     -1/3*(-5+dim)*(u+t)^(-1)
    boxx1234 2 5  4 1  1 -1 3 0
     -2/3*(u+t)^(-1)
;
  boxx1234 2 5  6 2  2 -2 4 0
   1
    boxx1234 2 5  6 2  3 -2 3 0
     2/3
    boxx1234 2 5  6 1  3 -1 3 0
     -2/3*u-2/3*t
    boxx1234 2 5  5 1  2 -1 3 0
     -4/3
    boxx1234 2 5  5 1  3 -1 2 0
     -2/3
    boxx1234 2 5  4 0  2 0 2 0
     1/3
;
  boxx1234 2 5  6 2  2 -2 4 0
   1
    boxx1234 2 5  6 2  3 -2 3 0
     2/3
    boxx1234 2 5  6 1  2 -1 4 0
     -u-t
    boxx1234 2 5  5 1  1 -1 4 0
     -1
    boxx1234 2 5  5 1  2 -1 3 0
     -1
    boxx1234 2 5  4 0  1 0 3 0
     1/3
;
  boxx1234 2 5  6 2  2 -1 4 -1
   1
    boxx1234 2 5  5 2  1 -1 4 -1
     (u+t)^(-1)
    boxx1234 2 5  5 2  2 -1 3 -1
     -1/3*(-5+dim)*(u+t)^(-1)
    boxx1234 2 5  4 1  1 0 3 -1
     -1/3*(u+t)^(-1)
    boxx1234 2 5  4 1  1 -1 3 0
     -1/3*(u+t)^(-1)
;
  boxx1234 2 5  6 2  2 -1 4 -1
   1
    boxx1234 2 5  6 2  3 -1 3 -1
     2/3
    boxx1234 2 5  6 1  3 0 3 -1
     -2/3*u-2/3*t
    boxx1234 2 5  5 1  2 0 3 -1
     -1
    boxx1234 2 5  5 1  2 -1 3 0
     -1/3
    boxx1234 2 5  5 1  3 0 2 -1
     -2/3
    boxx1234 2 5  5 0  2 0 3 0
     1/3*u
    boxx1234 2 5  4 0  2 0 2 0
     1/3
;
  boxx1234 2 5  6 2  2 -1 4 -1
   1
    boxx1234 2 5  6 2  3 -1 3 -1
     2/3
    boxx1234 2 5  6 1  2 -1 4 0
     -u-t
    boxx1234 2 5  5 1  1 -1 4 0
     -1
    boxx1234 2 5  5 1  2 0 3 -1
     -1/3
    boxx1234 2 5  5 1  2 -1 3 0
     -2/3
    boxx1234 2 5  5 0  2 0 3 0
     1/3*u
    boxx1234 2 5  4 0  1 0 3 0
     1/3
;
  boxx1234 2 5  6 2  2 -1 4 -1
   1
    boxx1234 2 5  6 2  3 -1 3 -1
     2/3
    boxx1234 2 5  6 1  2 0 4 -1
     -u-t
    boxx1234 2 5  5 1  1 0 4 -1
     -1
    boxx1234 2 5  5 1  2 0 3 -1
     -2/3
    boxx1234 2 5  5 1  2 -1 3 0
     -1/3
    boxx1234 2 5  5 0  2 0 3 0
     1/3*u
    boxx1234 2 5  4 0  1 0 3 0
     1/3
;
  boxx1234 2 5  6 2  2 0 4 -2
   1
    boxx1234 2 5  5 2  1 0 4 -2
     (u+t)^(-1)
    boxx1234 2 5  5 2  2 0 3 -2
     -1/3*(-5+dim)*(u+t)^(-1)
    boxx1234 2 5  4 1  1 0 3 -1
     -2/3*(u+t)^(-1)
;
  boxx1234 2 5  6 2  2 0 4 -2
   1
    boxx1234 2 5  6 2  3 0 3 -2
     2/3
    boxx1234 2 5  6 1  2 0 4 -1
     -u-t
    boxx1234 2 5  5 1  1 0 4 -1
     -1
    boxx1234 2 5  5 1  2 0 3 -1
     -1
    boxx1234 2 5  4 0  1 0 3 0
     1/3
;
  boxx1234 2 5  6 2  1 -2 5 0
   1
    boxx1234 2 5  5 2  1 -2 4 0
     -1/4*(u+t)^(-1)*(-4+dim)
;
  boxx1234 2 5  6 2  1 -2 5 0
   1
    boxx1234 2 5  6 2  2 -2 4 0
     1/4
    boxx1234 2 5  6 1  2 -1 4 0
     -1/4*u-1/4*t
    boxx1234 2 5  5 1  1 -1 4 0
     -5/4
    boxx1234 2 5  5 1  2 -1 3 0
     -1/4
    boxx1234 2 5  4 0  1 0 3 0
     1/4
;
  boxx1234 2 5  6 2  1 -2 5 0
   1
    boxx1234 2 5  6 2  2 -2 4 0
     1/4
    boxx1234 2 5  6 1  1 -1 5 0
     -u-t
    boxx1234 2 5  5 1  1 -1 4 0
     -1/2
;
  boxx1234 2 5  6 2  1 -1 5 -1
   1
    boxx1234 2 5  5 2  1 -1 4 -1
     -1/4*(u+t)^(-1)*(-4+dim)
;
  boxx1234 2 5  6 2  1 -1 5 -1
   1
    boxx1234 2 5  6 2  2 -1 4 -1
     1/4
    boxx1234 2 5  6 1  2 0 4 -1
     -1/4*u-1/4*t
    boxx1234 2 5  5 1  1 0 4 -1
     -1
    boxx1234 2 5  5 1  1 -1 4 0
     -1/4
    boxx1234 2 5  5 1  2 0 3 -1
     -1/4
    boxx1234 2 5  5 0  1 0 4 0
     1/4*u
    boxx1234 2 5  4 0  1 0 3 0
     1/4
;
  boxx1234 2 5  6 2  1 -1 5 -1
   1
    boxx1234 2 5  6 2  2 -1 4 -1
     1/4
    boxx1234 2 5  6 1  1 -1 5 0
     -u-t
    boxx1234 2 5  5 1  1 0 4 -1
     -1/4
    boxx1234 2 5  5 1  1 -1 4 0
     -1/4
    boxx1234 2 5  5 0  1 0 4 0
     1/4*u
;
  boxx1234 2 5  6 2  1 -1 5 -1
   1
    boxx1234 2 5  6 2  2 -1 4 -1
     1/4
    boxx1234 2 5  6 1  1 0 5 -1
     -u-t
    boxx1234 2 5  5 1  1 0 4 -1
     -1/4
    boxx1234 2 5  5 1  1 -1 4 0
     -1/4
    boxx1234 2 5  5 0  1 0 4 0
     1/4*u
;
  boxx1234 2 5  6 2  1 0 5 -2
   1
    boxx1234 2 5  5 2  1 0 4 -2
     -1/4*(u+t)^(-1)*(-4+dim)
;
  boxx1234 2 5  6 2  1 0 5 -2
   1
    boxx1234 2 5  6 2  2 0 4 -2
     1/4
    boxx1234 2 5  6 1  1 0 5 -1
     -u-t
    boxx1234 2 5  5 1  1 0 4 -1
     -1/2
;
  boxx1234 2 5  6 3  4 -3 2 0
   1
    boxx1234 2 5  5 3  3 -3 2 0
     (u+t)^(-1)
    boxx1234 2 5  5 3  4 -3 1 0
     -(u+t)^(-1)*(-6+dim)
    boxx1234 2 5  4 2  3 -2 1 0
     -3*(u+t)^(-1)
;
  boxx1234 2 5  6 3  4 -3 2 0
   1
    boxx1234 2 5  6 3  5 -3 1 0
     4
    boxx1234 2 5  6 2  5 -2 1 0
     -4*u-4*t
    boxx1234 2 5  5 2  4 -2 1 0
     -3
;
  boxx1234 2 5  6 3  4 -3 2 0
   1
    boxx1234 2 5  6 3  5 -3 1 0
     4
    boxx1234 2 5  6 2  4 -2 2 0
     -u-t
    boxx1234 2 5  5 2  3 -2 2 0
     -1
    boxx1234 2 5  5 2  4 -2 1 0
     -6
    boxx1234 2 5  4 1  3 -1 1 0
     2
;
  boxx1234 2 5  6 3  4 -2 2 -1
   1
    boxx1234 2 5  5 3  3 -2 2 -1
     (u+t)^(-1)
    boxx1234 2 5  5 3  4 -2 1 -1
     -(u+t)^(-1)*(-6+dim)
    boxx1234 2 5  4 2  3 -1 1 -1
     -2*(u+t)^(-1)
    boxx1234 2 5  4 2  3 -2 1 0
     -(u+t)^(-1)
;
  boxx1234 2 5  6 3  4 -2 2 -1
   1
    boxx1234 2 5  6 3  5 -2 1 -1
     4
    boxx1234 2 5  6 2  5 -1 1 -1
     -4*u-4*t
    boxx1234 2 5  5 2  4 -1 1 -1
     -2
    boxx1234 2 5  5 2  4 -2 1 0
     -1
    boxx1234 2 5  5 1  4 -1 1 0
     u
;
  boxx1234 2 5  6 3  4 -2 2 -1
   1
    boxx1234 2 5  6 3  5 -2 1 -1
     4
    boxx1234 2 5  6 2  4 -2 2 0
     -u-t
    boxx1234 2 5  5 2  3 -2 2 0
     -1
    boxx1234 2 5  5 2  4 -1 1 -1
     -2
    boxx1234 2 5  5 2  4 -2 1 0
     -4
    boxx1234 2 5  5 1  4 -1 1 0
     2*u
    boxx1234 2 5  4 1  3 -1 1 0
     2
;
  boxx1234 2 5  6 3  4 -2 2 -1
   1
    boxx1234 2 5  6 3  5 -2 1 -1
     4
    boxx1234 2 5  6 2  4 -1 2 -1
     -u-t
    boxx1234 2 5  5 2  3 -1 2 -1
     -1
    boxx1234 2 5  5 2  4 -1 1 -1
     -5
    boxx1234 2 5  5 2  4 -2 1 0
     -1
    boxx1234 2 5  5 1  4 -1 1 0
     u
    boxx1234 2 5  4 1  3 0 1 -1
     1
    boxx1234 2 5  4 1  3 -1 1 0
     1
;
  boxx1234 2 5  6 3  4 -1 2 -2
   1
    boxx1234 2 5  5 3  3 -1 2 -2
     (u+t)^(-1)
    boxx1234 2 5  5 3  4 -1 1 -2
     -(u+t)^(-1)*(-6+dim)
    boxx1234 2 5  4 2  3 0 1 -2
     -(u+t)^(-1)
    boxx1234 2 5  4 2  3 -1 1 -1
     -2*(u+t)^(-1)
;
  boxx1234 2 5  6 3  4 -1 2 -2
   1
    boxx1234 2 5  6 3  5 -1 1 -2
     4
    boxx1234 2 5  6 2  5 0 1 -2
     -4*u-4*t
    boxx1234 2 5  5 2  4 0 1 -2
     -1
    boxx1234 2 5  5 2  4 -1 1 -1
     -2
    boxx1234 2 5  5 1  4 0 1 -1
     2*u
;
  boxx1234 2 5  6 3  4 -1 2 -2
   1
    boxx1234 2 5  6 3  5 -1 1 -2
     4
    boxx1234 2 5  6 2  4 -1 2 -1
     -u-t
    boxx1234 2 5  5 2  3 -1 2 -1
     -1
    boxx1234 2 5  5 2  4 0 1 -2
     -1
    boxx1234 2 5  5 2  4 -1 1 -1
     -5
    boxx1234 2 5  5 1  4 0 1 -1
     u
    boxx1234 2 5  4 1  3 0 1 -1
     1
    boxx1234 2 5  4 1  3 -1 1 0
     1
;
  boxx1234 2 5  6 3  4 -1 2 -2
   1
    boxx1234 2 5  6 3  5 -1 1 -2
     4
    boxx1234 2 5  6 2  4 0 2 -2
     -u-t
    boxx1234 2 5  5 2  3 0 2 -2
     -1
    boxx1234 2 5  5 2  4 0 1 -2
     -4
    boxx1234 2 5  5 2  4 -1 1 -1
     -2
    boxx1234 2 5  5 1  4 0 1 -1
     2*u
    boxx1234 2 5  4 1  3 0 1 -1
     2
;
  boxx1234 2 5  6 3  4 0 2 -3
   1
    boxx1234 2 5  5 3  3 0 2 -3
     (u+t)^(-1)
    boxx1234 2 5  5 3  4 0 1 -3
     -(u+t)^(-1)*(-6+dim)
    boxx1234 2 5  4 2  3 0 1 -2
     -3*(u+t)^(-1)
;
  boxx1234 2 5  6 3  4 0 2 -3
   1
    boxx1234 2 5  6 3  5 0 1 -3
     4
    boxx1234 2 5  6 2  4 0 2 -2
     -u-t
    boxx1234 2 5  5 2  3 0 2 -2
     -1
    boxx1234 2 5  5 2  4 0 1 -2
     -6
    boxx1234 2 5  4 1  3 0 1 -1
     2
;
  boxx1234 2 5  6 3  3 -3 3 0
   1
    boxx1234 2 5  5 3  2 -3 3 0
     (u+t)^(-1)
    boxx1234 2 5  5 3  3 -3 2 0
     -1/2*(-5+dim)*(u+t)^(-1)
    boxx1234 2 5  4 2  2 -2 2 0
     -3/2*(u+t)^(-1)
;
  boxx1234 2 5  6 3  3 -3 3 0
   1
    boxx1234 2 5  6 3  4 -3 2 0
     3/2
    boxx1234 2 5  6 2  4 -2 2 0
     -3/2*u-3/2*t
    boxx1234 2 5  5 2  3 -2 2 0
     -2
    boxx1234 2 5  5 2  4 -2 1 0
     -3/2
    boxx1234 2 5  4 1  3 -1 1 0
     1
;
  boxx1234 2 5  6 3  3 -3 3 0
   1
    boxx1234 2 5  6 3  4 -3 2 0
     3/2
    boxx1234 2 5  6 2  3 -2 3 0
     -u-t
    boxx1234 2 5  5 2  2 -2 3 0
     -1
    boxx1234 2 5  5 2  3 -2 2 0
     -5/2
    boxx1234 2 5  4 1  2 -1 2 0
     1
;
  boxx1234 2 5  6 3  3 -2 3 -1
   1
    boxx1234 2 5  5 3  2 -2 3 -1
     (u+t)^(-1)
    boxx1234 2 5  5 3  3 -2 2 -1
     -1/2*(-5+dim)*(u+t)^(-1)
    boxx1234 2 5  4 2  2 -1 2 -1
     -(u+t)^(-1)
    boxx1234 2 5  4 2  2 -2 2 0
     -1/2*(u+t)^(-1)
;
  boxx1234 2 5  6 3  3 -2 3 -1
   1
    boxx1234 2 5  6 3  4 -2 2 -1
     3/2
    boxx1234 2 5  6 2  4 -1 2 -1
     -3/2*u-3/2*t
    boxx1234 2 5  5 2  3 -1 2 -1
     -3/2
    boxx1234 2 5  5 2  3 -2 2 0
     -1/2
    boxx1234 2 5  5 2  4 -1 1 -1
     -3/2
    boxx1234 2 5  5 1  3 -1 2 0
     1/2*u
    boxx1234 2 5  4 1  3 0 1 -1
     1/2
    boxx1234 2 5  4 1  3 -1 1 0
     1/2
;
  boxx1234 2 5  6 3  3 -2 3 -1
   1
    boxx1234 2 5  6 3  4 -2 2 -1
     3/2
    boxx1234 2 5  6 2  3 -2 3 0
     -u-t
    boxx1234 2 5  5 2  2 -2 3 0
     -1
    boxx1234 2 5  5 2  3 -1 2 -1
     -1
    boxx1234 2 5  5 2  3 -2 2 0
     -3/2
    boxx1234 2 5  5 1  3 -1 2 0
     u
    boxx1234 2 5  4 1  2 -1 2 0
     1
;
  boxx1234 2 5  6 3  3 -2 3 -1
   1
    boxx1234 2 5  6 3  4 -2 2 -1
     3/2
    boxx1234 2 5  6 2  3 -1 3 -1
     -u-t
    boxx1234 2 5  5 2  2 -1 3 -1
     -1
    boxx1234 2 5  5 2  3 -1 2 -1
     -2
    boxx1234 2 5  5 2  3 -2 2 0
     -1/2
    boxx1234 2 5  5 1  3 -1 2 0
     1/2*u
    boxx1234 2 5  4 1  2 0 2 -1
     1/2
    boxx1234 2 5  4 1  2 -1 2 0
     1/2
;
  boxx1234 2 5  6 3  3 -1 3 -2
   1
    boxx1234 2 5  5 3  2 -1 3 -2
     (u+t)^(-1)
    boxx1234 2 5  5 3  3 -1 2 -2
     -1/2*(-5+dim)*(u+t)^(-1)
    boxx1234 2 5  4 2  2 0 2 -2
     -1/2*(u+t)^(-1)
    boxx1234 2 5  4 2  2 -1 2 -1
     -(u+t)^(-1)
;
  boxx1234 2 5  6 3  3 -1 3 -2
   1
    boxx1234 2 5  6 3  4 -1 2 -2
     3/2
    boxx1234 2 5  6 2  4 0 2 -2
     -3/2*u-3/2*t
    boxx1234 2 5  5 2  3 0 2 -2
     -1
    boxx1234 2 5  5 2  3 -1 2 -1
     -1
    boxx1234 2 5  5 2  4 0 1 -2
     -3/2
    boxx1234 2 5  5 1  3 0 2 -1
     u
    boxx1234 2 5  4 1  3 0 1 -1
     1
;
  boxx1234 2 5  6 3  3 -1 3 -2
   1
    boxx1234 2 5  6 3  4 -1 2 -2
     3/2
    boxx1234 2 5  6 2  3 -1 3 -1
     -u-t
    boxx1234 2 5  5 2  2 -1 3 -1
     -1
    boxx1234 2 5  5 2  3 0 2 -2
     -1/2
    boxx1234 2 5  5 2  3 -1 2 -1
     -2
    boxx1234 2 5  5 1  3 0 2 -1
     1/2*u
    boxx1234 2 5  4 1  2 0 2 -1
     1/2
    boxx1234 2 5  4 1  2 -1 2 0
     1/2
;
  boxx1234 2 5  6 3  3 -1 3 -2
   1
    boxx1234 2 5  6 3  4 -1 2 -2
     3/2
    boxx1234 2 5  6 2  3 0 3 -2
     -u-t
    boxx1234 2 5  5 2  2 0 3 -2
     -1
    boxx1234 2 5  5 2  3 0 2 -2
     -3/2
    boxx1234 2 5  5 2  3 -1 2 -1
     -1
    boxx1234 2 5  5 1  3 0 2 -1
     u
    boxx1234 2 5  4 1  2 0 2 -1
     1
;
  boxx1234 2 5  6 3  3 0 3 -3
   1
    boxx1234 2 5  5 3  2 0 3 -3
     (u+t)^(-1)
    boxx1234 2 5  5 3  3 0 2 -3
     -1/2*(-5+dim)*(u+t)^(-1)
    boxx1234 2 5  4 2  2 0 2 -2
     -3/2*(u+t)^(-1)
;
  boxx1234 2 5  6 3  3 0 3 -3
   1
    boxx1234 2 5  6 3  4 0 2 -3
     3/2
    boxx1234 2 5  6 2  3 0 3 -2
     -u-t
    boxx1234 2 5  5 2  2 0 3 -2
     -1
    boxx1234 2 5  5 2  3 0 2 -2
     -5/2
    boxx1234 2 5  4 1  2 0 2 -1
     1
;
  boxx1234 2 5  6 3  2 -3 4 0
   1
    boxx1234 2 5  5 3  1 -3 4 0
     (u+t)^(-1)
    boxx1234 2 5  5 3  2 -3 3 0
     -1/3*(u+t)^(-1)*(-4+dim)
    boxx1234 2 5  4 2  1 -2 3 0
     -(u+t)^(-1)
;
  boxx1234 2 5  6 3  2 -3 4 0
   1
    boxx1234 2 5  6 3  3 -3 3 0
     2/3
    boxx1234 2 5  6 2  3 -2 3 0
     -2/3*u-2/3*t
    boxx1234 2 5  5 2  2 -2 3 0
     -5/3
    boxx1234 2 5  5 2  3 -2 2 0
     -2/3
    boxx1234 2 5  4 1  2 -1 2 0
     2/3
;
  boxx1234 2 5  6 3  2 -3 4 0
   1
    boxx1234 2 5  6 3  3 -3 3 0
     2/3
    boxx1234 2 5  6 2  2 -2 4 0
     -u-t
    boxx1234 2 5  5 2  1 -2 4 0
     -1
    boxx1234 2 5  5 2  2 -2 3 0
     -4/3
    boxx1234 2 5  4 1  1 -1 3 0
     2/3
;
  boxx1234 2 5  6 3  2 -2 4 -1
   1
    boxx1234 2 5  5 3  1 -2 4 -1
     (u+t)^(-1)
    boxx1234 2 5  5 3  2 -2 3 -1
     -1/3*(u+t)^(-1)*(-4+dim)
    boxx1234 2 5  4 2  1 -1 3 -1
     -2/3*(u+t)^(-1)
    boxx1234 2 5  4 2  1 -2 3 0
     -1/3*(u+t)^(-1)
;
  boxx1234 2 5  6 3  2 -2 4 -1
   1
    boxx1234 2 5  6 3  3 -2 3 -1
     2/3
    boxx1234 2 5  6 2  3 -1 3 -1
     -2/3*u-2/3*t
    boxx1234 2 5  5 2  2 -1 3 -1
     -4/3
    boxx1234 2 5  5 2  2 -2 3 0
     -1/3
    boxx1234 2 5  5 2  3 -1 2 -1
     -2/3
    boxx1234 2 5  5 1  2 -1 3 0
     1/3*u
    boxx1234 2 5  4 1  2 0 2 -1
     1/3
    boxx1234 2 5  4 1  2 -1 2 0
     1/3
;
  boxx1234 2 5  6 3  2 -2 4 -1
   1
    boxx1234 2 5  6 3  3 -2 3 -1
     2/3
    boxx1234 2 5  6 2  2 -2 4 0
     -u-t
    boxx1234 2 5  5 2  1 -2 4 0
     -1
    boxx1234 2 5  5 2  2 -1 3 -1
     -2/3
    boxx1234 2 5  5 2  2 -2 3 0
     -2/3
    boxx1234 2 5  5 1  2 -1 3 0
     2/3*u
    boxx1234 2 5  4 1  1 -1 3 0
     2/3
;
  boxx1234 2 5  6 3  2 -2 4 -1
   1
    boxx1234 2 5  6 3  3 -2 3 -1
     2/3
    boxx1234 2 5  6 2  2 -1 4 -1
     -u-t
    boxx1234 2 5  5 2  1 -1 4 -1
     -1
    boxx1234 2 5  5 2  2 -1 3 -1
     -1
    boxx1234 2 5  5 2  2 -2 3 0
     -1/3
    boxx1234 2 5  5 1  2 -1 3 0
     1/3*u
    boxx1234 2 5  4 1  1 0 3 -1
     1/3
    boxx1234 2 5  4 1  1 -1 3 0
     1/3
;
  boxx1234 2 5  6 3  2 -1 4 -2
   1
    boxx1234 2 5  5 3  1 -1 4 -2
     (u+t)^(-1)
    boxx1234 2 5  5 3  2 -1 3 -2
     -1/3*(u+t)^(-1)*(-4+dim)
    boxx1234 2 5  4 2  1 0 3 -2
     -1/3*(u+t)^(-1)
    boxx1234 2 5  4 2  1 -1 3 -1
     -2/3*(u+t)^(-1)
;
  boxx1234 2 5  6 3  2 -1 4 -2
   1
    boxx1234 2 5  6 3  3 -1 3 -2
     2/3
    boxx1234 2 5  6 2  3 0 3 -2
     -2/3*u-2/3*t
    boxx1234 2 5  5 2  2 0 3 -2
     -1
    boxx1234 2 5  5 2  2 -1 3 -1
     -2/3
    boxx1234 2 5  5 2  3 0 2 -2
     -2/3
    boxx1234 2 5  5 1  2 0 3 -1
     2/3*u
    boxx1234 2 5  4 1  2 0 2 -1
     2/3
;
  boxx1234 2 5  6 3  2 -1 4 -2
   1
    boxx1234 2 5  6 3  3 -1 3 -2
     2/3
    boxx1234 2 5  6 2  2 -1 4 -1
     -u-t
    boxx1234 2 5  5 2  1 -1 4 -1
     -1
    boxx1234 2 5  5 2  2 0 3 -2
     -1/3
    boxx1234 2 5  5 2  2 -1 3 -1
     -1
    boxx1234 2 5  5 1  2 0 3 -1
     1/3*u
    boxx1234 2 5  4 1  1 0 3 -1
     1/3
    boxx1234 2 5  4 1  1 -1 3 0
     1/3
;
  boxx1234 2 5  6 3  2 -1 4 -2
   1
    boxx1234 2 5  6 3  3 -1 3 -2
     2/3
    boxx1234 2 5  6 2  2 0 4 -2
     -u-t
    boxx1234 2 5  5 2  1 0 4 -2
     -1
    boxx1234 2 5  5 2  2 0 3 -2
     -2/3
    boxx1234 2 5  5 2  2 -1 3 -1
     -2/3
    boxx1234 2 5  5 1  2 0 3 -1
     2/3*u
    boxx1234 2 5  4 1  1 0 3 -1
     2/3
;
  boxx1234 2 5  6 3  2 0 4 -3
   1
    boxx1234 2 5  5 3  1 0 4 -3
     (u+t)^(-1)
    boxx1234 2 5  5 3  2 0 3 -3
     -1/3*(u+t)^(-1)*(-4+dim)
    boxx1234 2 5  4 2  1 0 3 -2
     -(u+t)^(-1)
;
  boxx1234 2 5  6 3  2 0 4 -3
   1
    boxx1234 2 5  6 3  3 0 3 -3
     2/3
    boxx1234 2 5  6 2  2 0 4 -2
     -u-t
    boxx1234 2 5  5 2  1 0 4 -2
     -1
    boxx1234 2 5  5 2  2 0 3 -2
     -4/3
    boxx1234 2 5  4 1  1 0 3 -1
     2/3
;
  boxx1234 2 5  6 3  1 -3 5 0
   1
    boxx1234 2 5  5 3  1 -3 4 0
     -1/4*(u+t)^(-1)*(-3+dim)
;
  boxx1234 2 5  6 3  1 -3 5 0
   1
    boxx1234 2 5  6 3  2 -3 4 0
     1/4
    boxx1234 2 5  6 2  2 -2 4 0
     -1/4*u-1/4*t
    boxx1234 2 5  5 2  1 -2 4 0
     -3/2
    boxx1234 2 5  5 2  2 -2 3 0
     -1/4
    boxx1234 2 5  4 1  1 -1 3 0
     1/2
;
  boxx1234 2 5  6 3  1 -3 5 0
   1
    boxx1234 2 5  6 3  2 -3 4 0
     1/4
    boxx1234 2 5  6 2  1 -2 5 0
     -u-t
    boxx1234 2 5  5 2  1 -2 4 0
     -3/4
;
  boxx1234 2 5  6 3  1 -2 5 -1
   1
    boxx1234 2 5  5 3  1 -2 4 -1
     -1/4*(u+t)^(-1)*(-3+dim)
;
  boxx1234 2 5  6 3  1 -2 5 -1
   1
    boxx1234 2 5  6 3  2 -2 4 -1
     1/4
    boxx1234 2 5  6 2  2 -1 4 -1
     -1/4*u-1/4*t
    boxx1234 2 5  5 2  1 -1 4 -1
     -5/4
    boxx1234 2 5  5 2  1 -2 4 0
     -1/4
    boxx1234 2 5  5 2  2 -1 3 -1
     -1/4
    boxx1234 2 5  5 1  1 -1 4 0
     1/4*u
    boxx1234 2 5  4 1  1 0 3 -1
     1/4
    boxx1234 2 5  4 1  1 -1 3 0
     1/4
;
  boxx1234 2 5  6 3  1 -2 5 -1
   1
    boxx1234 2 5  6 3  2 -2 4 -1
     1/4
    boxx1234 2 5  6 2  1 -2 5 0
     -u-t
    boxx1234 2 5  5 2  1 -1 4 -1
     -1/2
    boxx1234 2 5  5 2  1 -2 4 0
     -1/4
    boxx1234 2 5  5 1  1 -1 4 0
     1/2*u
;
  boxx1234 2 5  6 3  1 -2 5 -1
   1
    boxx1234 2 5  6 3  2 -2 4 -1
     1/4
    boxx1234 2 5  6 2  1 -1 5 -1
     -u-t
    boxx1234 2 5  5 2  1 -1 4 -1
     -1/2
    boxx1234 2 5  5 2  1 -2 4 0
     -1/4
    boxx1234 2 5  5 1  1 -1 4 0
     1/4*u
;
  boxx1234 2 5  6 3  1 -1 5 -2
   1
    boxx1234 2 5  5 3  1 -1 4 -2
     -1/4*(u+t)^(-1)*(-3+dim)
;
  boxx1234 2 5  6 3  1 -1 5 -2
   1
    boxx1234 2 5  6 3  2 -1 4 -2
     1/4
    boxx1234 2 5  6 2  2 0 4 -2
     -1/4*u-1/4*t
    boxx1234 2 5  5 2  1 0 4 -2
     -1
    boxx1234 2 5  5 2  1 -1 4 -1
     -1/2
    boxx1234 2 5  5 2  2 0 3 -2
     -1/4
    boxx1234 2 5  5 1  1 0 4 -1
     1/2*u
    boxx1234 2 5  4 1  1 0 3 -1
     1/2
;
  boxx1234 2 5  6 3  1 -1 5 -2
   1
    boxx1234 2 5  6 3  2 -1 4 -2
     1/4
    boxx1234 2 5  6 2  1 -1 5 -1
     -u-t
    boxx1234 2 5  5 2  1 0 4 -2
     -1/4
    boxx1234 2 5  5 2  1 -1 4 -1
     -1/2
    boxx1234 2 5  5 1  1 0 4 -1
     1/4*u
;
  boxx1234 2 5  6 3  1 -1 5 -2
   1
    boxx1234 2 5  6 3  2 -1 4 -2
     1/4
    boxx1234 2 5  6 2  1 0 5 -2
     -u-t
    boxx1234 2 5  5 2  1 0 4 -2
     -1/4
    boxx1234 2 5  5 2  1 -1 4 -1
     -1/2
    boxx1234 2 5  5 1  1 0 4 -1
     1/2*u
;
  boxx1234 2 5  6 3  1 0 5 -3
   1
    boxx1234 2 5  5 3  1 0 4 -3
     -1/4*(u+t)^(-1)*(-3+dim)
;
  boxx1234 2 5  6 3  1 0 5 -3
   1
    boxx1234 2 5  6 3  2 0 4 -3
     1/4
    boxx1234 2 5  6 2  1 0 5 -2
     -u-t
    boxx1234 2 5  5 2  1 0 4 -2
     -3/4
;
  boxx1234 2 5  6 4  4 -4 2 0
   1
    boxx1234 2 5  5 4  3 -4 2 0
     (u+t)^(-1)
    boxx1234 2 5  5 4  4 -4 1 0
     -(-5+dim)*(u+t)^(-1)
    boxx1234 2 5  4 3  3 -3 1 0
     -4*(u+t)^(-1)
;
  boxx1234 2 5  6 4  4 -4 2 0
   1
    boxx1234 2 5  6 4  5 -4 1 0
     4
    boxx1234 2 5  6 3  5 -3 1 0
     -4*u-4*t
    boxx1234 2 5  5 3  4 -3 1 0
     -4
;
  boxx1234 2 5  6 4  4 -4 2 0
   1
    boxx1234 2 5  6 4  5 -4 1 0
     4
    boxx1234 2 5  6 3  4 -3 2 0
     -u-t
    boxx1234 2 5  5 3  3 -3 2 0
     -1
    boxx1234 2 5  5 3  4 -3 1 0
     -7
    boxx1234 2 5  4 2  3 -2 1 0
     3
;
  boxx1234 2 5  6 4  4 -3 2 -1
   1
    boxx1234 2 5  5 4  3 -3 2 -1
     (u+t)^(-1)
    boxx1234 2 5  5 4  4 -3 1 -1
     -(-5+dim)*(u+t)^(-1)
    boxx1234 2 5  4 3  3 -2 1 -1
     -3*(u+t)^(-1)
    boxx1234 2 5  4 3  3 -3 1 0
     -(u+t)^(-1)
;
  boxx1234 2 5  6 4  4 -3 2 -1
   1
    boxx1234 2 5  6 4  5 -3 1 -1
     4
    boxx1234 2 5  6 3  5 -2 1 -1
     -4*u-4*t
    boxx1234 2 5  5 3  4 -2 1 -1
     -3
    boxx1234 2 5  5 3  4 -3 1 0
     -1
    boxx1234 2 5  5 2  4 -2 1 0
     u
;
  boxx1234 2 5  6 4  4 -3 2 -1
   1
    boxx1234 2 5  6 4  5 -3 1 -1
     4
    boxx1234 2 5  6 3  4 -3 2 0
     -u-t
    boxx1234 2 5  5 3  3 -3 2 0
     -1
    boxx1234 2 5  5 3  4 -2 1 -1
     -3
    boxx1234 2 5  5 3  4 -3 1 0
     -4
    boxx1234 2 5  5 2  4 -2 1 0
     3*u
    boxx1234 2 5  4 2  3 -2 1 0
     3
;
  boxx1234 2 5  6 4  4 -3 2 -1
   1
    boxx1234 2 5  6 4  5 -3 1 -1
     4
    boxx1234 2 5  6 3  4 -2 2 -1
     -u-t
    boxx1234 2 5  5 3  3 -2 2 -1
     -1
    boxx1234 2 5  5 3  4 -2 1 -1
     -6
    boxx1234 2 5  5 3  4 -3 1 0
     -1
    boxx1234 2 5  5 2  4 -2 1 0
     u
    boxx1234 2 5  4 2  3 -1 1 -1
     2
    boxx1234 2 5  4 2  3 -2 1 0
     1
;
  boxx1234 2 5  6 4  4 -2 2 -2
   1
    boxx1234 2 5  5 4  3 -2 2 -2
     (u+t)^(-1)
    boxx1234 2 5  5 4  4 -2 1 -2
     -(-5+dim)*(u+t)^(-1)
    boxx1234 2 5  4 3  3 -1 1 -2
     -2*(u+t)^(-1)
    boxx1234 2 5  4 3  3 -2 1 -1
     -2*(u+t)^(-1)
;
  boxx1234 2 5  6 4  4 -2 2 -2
   1
    boxx1234 2 5  6 4  5 -2 1 -2
     4
    boxx1234 2 5  6 3  5 -1 1 -2
     -4*u-4*t
    boxx1234 2 5  5 3  4 -1 1 -2
     -2
    boxx1234 2 5  5 3  4 -2 1 -1
     -2
    boxx1234 2 5  5 2  4 -1 1 -1
     2*u
;
  boxx1234 2 5  6 4  4 -2 2 -2
   1
    boxx1234 2 5  6 4  5 -2 1 -2
     4
    boxx1234 2 5  6 3  4 -2 2 -1
     -u-t
    boxx1234 2 5  5 3  3 -2 2 -1
     -1
    boxx1234 2 5  5 3  4 -1 1 -2
     -2
    boxx1234 2 5  5 3  4 -2 1 -1
     -5
    boxx1234 2 5  5 2  4 -1 1 -1
     2*u
    boxx1234 2 5  4 2  3 -1 1 -1
     2
    boxx1234 2 5  4 2  3 -2 1 0
     1
;
  boxx1234 2 5  6 4  4 -2 2 -2
   1
    boxx1234 2 5  6 4  5 -2 1 -2
     4
    boxx1234 2 5  6 3  4 -1 2 -2
     -u-t
    boxx1234 2 5  5 3  3 -1 2 -2
     -1
    boxx1234 2 5  5 3  4 -1 1 -2
     -5
    boxx1234 2 5  5 3  4 -2 1 -1
     -2
    boxx1234 2 5  5 2  4 -1 1 -1
     2*u
    boxx1234 2 5  4 2  3 0 1 -2
     1
    boxx1234 2 5  4 2  3 -1 1 -1
     2
;
  boxx1234 2 5  6 4  4 -1 2 -3
   1
    boxx1234 2 5  5 4  3 -1 2 -3
     (u+t)^(-1)
    boxx1234 2 5  5 4  4 -1 1 -3
     -(-5+dim)*(u+t)^(-1)
    boxx1234 2 5  4 3  3 0 1 -3
     -(u+t)^(-1)
    boxx1234 2 5  4 3  3 -1 1 -2
     -3*(u+t)^(-1)
;
  boxx1234 2 5  6 4  4 -1 2 -3
   1
    boxx1234 2 5  6 4  5 -1 1 -3
     4
    boxx1234 2 5  6 3  5 0 1 -3
     -4*u-4*t
    boxx1234 2 5  5 3  4 0 1 -3
     -1
    boxx1234 2 5  5 3  4 -1 1 -2
     -3
    boxx1234 2 5  5 2  4 0 1 -2
     3*u
;
  boxx1234 2 5  6 4  4 -1 2 -3
   1
    boxx1234 2 5  6 4  5 -1 1 -3
     4
    boxx1234 2 5  6 3  4 -1 2 -2
     -u-t
    boxx1234 2 5  5 3  3 -1 2 -2
     -1
    boxx1234 2 5  5 3  4 0 1 -3
     -1
    boxx1234 2 5  5 3  4 -1 1 -2
     -6
    boxx1234 2 5  5 2  4 0 1 -2
     u
    boxx1234 2 5  4 2  3 0 1 -2
     1
    boxx1234 2 5  4 2  3 -1 1 -1
     2
;
  boxx1234 2 5  6 4  4 -1 2 -3
   1
    boxx1234 2 5  6 4  5 -1 1 -3
     4
    boxx1234 2 5  6 3  4 0 2 -3
     -u-t
    boxx1234 2 5  5 3  3 0 2 -3
     -1
    boxx1234 2 5  5 3  4 0 1 -3
     -4
    boxx1234 2 5  5 3  4 -1 1 -2
     -3
    boxx1234 2 5  5 2  4 0 1 -2
     3*u
    boxx1234 2 5  4 2  3 0 1 -2
     3
;
  boxx1234 2 5  6 4  4 0 2 -4
   1
    boxx1234 2 5  5 4  3 0 2 -4
     (u+t)^(-1)
    boxx1234 2 5  5 4  4 0 1 -4
     -(-5+dim)*(u+t)^(-1)
    boxx1234 2 5  4 3  3 0 1 -3
     -4*(u+t)^(-1)
;
  boxx1234 2 5  6 4  4 0 2 -4
   1
    boxx1234 2 5  6 4  5 0 1 -4
     4
    boxx1234 2 5  6 3  4 0 2 -3
     -u-t
    boxx1234 2 5  5 3  3 0 2 -3
     -1
    boxx1234 2 5  5 3  4 0 1 -3
     -7
    boxx1234 2 5  4 2  3 0 1 -2
     3
;
  boxx1234 2 5  6 4  3 -4 3 0
   1
    boxx1234 2 5  5 4  2 -4 3 0
     (u+t)^(-1)
    boxx1234 2 5  5 4  3 -4 2 0
     -1/2*(u+t)^(-1)*(-4+dim)
    boxx1234 2 5  4 3  2 -3 2 0
     -2*(u+t)^(-1)
;
  boxx1234 2 5  6 4  3 -4 3 0
   1
    boxx1234 2 5  6 4  4 -4 2 0
     3/2
    boxx1234 2 5  6 3  4 -3 2 0
     -3/2*u-3/2*t
    boxx1234 2 5  5 3  3 -3 2 0
     -5/2
    boxx1234 2 5  5 3  4 -3 1 0
     -3/2
    boxx1234 2 5  4 2  3 -2 1 0
     3/2
;
  boxx1234 2 5  6 4  3 -4 3 0
   1
    boxx1234 2 5  6 4  4 -4 2 0
     3/2
    boxx1234 2 5  6 3  3 -3 3 0
     -u-t
    boxx1234 2 5  5 3  2 -3 3 0
     -1
    boxx1234 2 5  5 3  3 -3 2 0
     -3
    boxx1234 2 5  4 2  2 -2 2 0
     3/2
;
  boxx1234 2 5  6 4  3 -3 3 -1
   1
    boxx1234 2 5  5 4  2 -3 3 -1
     (u+t)^(-1)
    boxx1234 2 5  5 4  3 -3 2 -1
     -1/2*(u+t)^(-1)*(-4+dim)
    boxx1234 2 5  4 3  2 -2 2 -1
     -3/2*(u+t)^(-1)
    boxx1234 2 5  4 3  2 -3 2 0
     -1/2*(u+t)^(-1)
;
  boxx1234 2 5  6 4  3 -3 3 -1
   1
    boxx1234 2 5  6 4  4 -3 2 -1
     3/2
    boxx1234 2 5  6 3  4 -2 2 -1
     -3/2*u-3/2*t
    boxx1234 2 5  5 3  3 -2 2 -1
     -2
    boxx1234 2 5  5 3  3 -3 2 0
     -1/2
    boxx1234 2 5  5 3  4 -2 1 -1
     -3/2
    boxx1234 2 5  5 2  3 -2 2 0
     1/2*u
    boxx1234 2 5  4 2  3 -1 1 -1
     1
    boxx1234 2 5  4 2  3 -2 1 0
     1/2
;
  boxx1234 2 5  6 4  3 -3 3 -1
   1
    boxx1234 2 5  6 4  4 -3 2 -1
     3/2
    boxx1234 2 5  6 3  3 -3 3 0
     -u-t
    boxx1234 2 5  5 3  2 -3 3 0
     -1
    boxx1234 2 5  5 3  3 -2 2 -1
     -3/2
    boxx1234 2 5  5 3  3 -3 2 0
     -3/2
    boxx1234 2 5  5 2  3 -2 2 0
     3/2*u
    boxx1234 2 5  4 2  2 -2 2 0
     3/2
;
  boxx1234 2 5  6 4  3 -3 3 -1
   1
    boxx1234 2 5  6 4  4 -3 2 -1
     3/2
    boxx1234 2 5  6 3  3 -2 3 -1
     -u-t
    boxx1234 2 5  5 3  2 -2 3 -1
     -1
    boxx1234 2 5  5 3  3 -2 2 -1
     -5/2
    boxx1234 2 5  5 3  3 -3 2 0
     -1/2
    boxx1234 2 5  5 2  3 -2 2 0
     1/2*u
    boxx1234 2 5  4 2  2 -1 2 -1
     1
    boxx1234 2 5  4 2  2 -2 2 0
     1/2
;
  boxx1234 2 5  6 4  3 -2 3 -2
   1
    boxx1234 2 5  5 4  2 -2 3 -2
     (u+t)^(-1)
    boxx1234 2 5  5 4  3 -2 2 -2
     -1/2*(u+t)^(-1)*(-4+dim)
    boxx1234 2 5  4 3  2 -1 2 -2
     -(u+t)^(-1)
    boxx1234 2 5  4 3  2 -2 2 -1
     -(u+t)^(-1)
;
  boxx1234 2 5  6 4  3 -2 3 -2
   1
    boxx1234 2 5  6 4  4 -2 2 -2
     3/2
    boxx1234 2 5  6 3  4 -1 2 -2
     -3/2*u-3/2*t
    boxx1234 2 5  5 3  3 -1 2 -2
     -3/2
    boxx1234 2 5  5 3  3 -2 2 -1
     -1
    boxx1234 2 5  5 3  4 -1 1 -2
     -3/2
    boxx1234 2 5  5 2  3 -1 2 -1
     u
    boxx1234 2 5  4 2  3 0 1 -2
     1/2
    boxx1234 2 5  4 2  3 -1 1 -1
     1
;
  boxx1234 2 5  6 4  3 -2 3 -2
   1
    boxx1234 2 5  6 4  4 -2 2 -2
     3/2
    boxx1234 2 5  6 3  3 -2 3 -1
     -u-t
    boxx1234 2 5  5 3  2 -2 3 -1
     -1
    boxx1234 2 5  5 3  3 -1 2 -2
     -1
    boxx1234 2 5  5 3  3 -2 2 -1
     -2
    boxx1234 2 5  5 2  3 -1 2 -1
     u
    boxx1234 2 5  4 2  2 -1 2 -1
     1
    boxx1234 2 5  4 2  2 -2 2 0
     1/2
;
  boxx1234 2 5  6 4  3 -2 3 -2
   1
    boxx1234 2 5  6 4  4 -2 2 -2
     3/2
    boxx1234 2 5  6 3  3 -1 3 -2
     -u-t
    boxx1234 2 5  5 3  2 -1 3 -2
     -1
    boxx1234 2 5  5 3  3 -1 2 -2
     -2
    boxx1234 2 5  5 3  3 -2 2 -1
     -1
    boxx1234 2 5  5 2  3 -1 2 -1
     u
    boxx1234 2 5  4 2  2 0 2 -2
     1/2
    boxx1234 2 5  4 2  2 -1 2 -1
     1
;
  boxx1234 2 5  6 4  3 -1 3 -3
   1
    boxx1234 2 5  5 4  2 -1 3 -3
     (u+t)^(-1)
    boxx1234 2 5  5 4  3 -1 2 -3
     -1/2*(u+t)^(-1)*(-4+dim)
    boxx1234 2 5  4 3  2 0 2 -3
     -1/2*(u+t)^(-1)
    boxx1234 2 5  4 3  2 -1 2 -2
     -3/2*(u+t)^(-1)
;
  boxx1234 2 5  6 4  3 -1 3 -3
   1
    boxx1234 2 5  6 4  4 -1 2 -3
     3/2
    boxx1234 2 5  6 3  4 0 2 -3
     -3/2*u-3/2*t
    boxx1234 2 5  5 3  3 0 2 -3
     -1
    boxx1234 2 5  5 3  3 -1 2 -2
     -3/2
    boxx1234 2 5  5 3  4 0 1 -3
     -3/2
    boxx1234 2 5  5 2  3 0 2 -2
     3/2*u
    boxx1234 2 5  4 2  3 0 1 -2
     3/2
;
  boxx1234 2 5  6 4  3 -1 3 -3
   1
    boxx1234 2 5  6 4  4 -1 2 -3
     3/2
    boxx1234 2 5  6 3  3 -1 3 -2
     -u-t
    boxx1234 2 5  5 3  2 -1 3 -2
     -1
    boxx1234 2 5  5 3  3 0 2 -3
     -1/2
    boxx1234 2 5  5 3  3 -1 2 -2
     -5/2
    boxx1234 2 5  5 2  3 0 2 -2
     1/2*u
    boxx1234 2 5  4 2  2 0 2 -2
     1/2
    boxx1234 2 5  4 2  2 -1 2 -1
     1
;
  boxx1234 2 5  6 4  3 -1 3 -3
   1
    boxx1234 2 5  6 4  4 -1 2 -3
     3/2
    boxx1234 2 5  6 3  3 0 3 -3
     -u-t
    boxx1234 2 5  5 3  2 0 3 -3
     -1
    boxx1234 2 5  5 3  3 0 2 -3
     -3/2
    boxx1234 2 5  5 3  3 -1 2 -2
     -3/2
    boxx1234 2 5  5 2  3 0 2 -2
     3/2*u
    boxx1234 2 5  4 2  2 0 2 -2
     3/2
;
  boxx1234 2 5  6 4  3 0 3 -4
   1
    boxx1234 2 5  5 4  2 0 3 -4
     (u+t)^(-1)
    boxx1234 2 5  5 4  3 0 2 -4
     -1/2*(u+t)^(-1)*(-4+dim)
    boxx1234 2 5  4 3  2 0 2 -3
     -2*(u+t)^(-1)
;
  boxx1234 2 5  6 4  3 0 3 -4
   1
    boxx1234 2 5  6 4  4 0 2 -4
     3/2
    boxx1234 2 5  6 3  3 0 3 -3
     -u-t
    boxx1234 2 5  5 3  2 0 3 -3
     -1
    boxx1234 2 5  5 3  3 0 2 -3
     -3
    boxx1234 2 5  4 2  2 0 2 -2
     3/2
;
  boxx1234 2 5  6 4  2 -4 4 0
   1
    boxx1234 2 5  5 4  1 -4 4 0
     (u+t)^(-1)
    boxx1234 2 5  5 4  2 -4 3 0
     -1/3*(u+t)^(-1)*(-3+dim)
    boxx1234 2 5  4 3  1 -3 3 0
     -4/3*(u+t)^(-1)
;
  boxx1234 2 5  6 4  2 -4 4 0
   1
    boxx1234 2 5  6 4  3 -4 3 0
     2/3
    boxx1234 2 5  6 3  3 -3 3 0
     -2/3*u-2/3*t
    boxx1234 2 5  5 3  2 -3 3 0
     -2
    boxx1234 2 5  5 3  3 -3 2 0
     -2/3
    boxx1234 2 5  4 2  2 -2 2 0
     1
;
  boxx1234 2 5  6 4  2 -4 4 0
   1
    boxx1234 2 5  6 4  3 -4 3 0
     2/3
    boxx1234 2 5  6 3  2 -3 4 0
     -u-t
    boxx1234 2 5  5 3  1 -3 4 0
     -1
    boxx1234 2 5  5 3  2 -3 3 0
     -5/3
    boxx1234 2 5  4 2  1 -2 3 0
     1
;
  boxx1234 2 5  6 4  2 -3 4 -1
   1
    boxx1234 2 5  5 4  1 -3 4 -1
     (u+t)^(-1)
    boxx1234 2 5  5 4  2 -3 3 -1
     -1/3*(u+t)^(-1)*(-3+dim)
    boxx1234 2 5  4 3  1 -2 3 -1
     -(u+t)^(-1)
    boxx1234 2 5  4 3  1 -3 3 0
     -1/3*(u+t)^(-1)
;
  boxx1234 2 5  6 4  2 -3 4 -1
   1
    boxx1234 2 5  6 4  3 -3 3 -1
     2/3
    boxx1234 2 5  6 3  3 -2 3 -1
     -2/3*u-2/3*t
    boxx1234 2 5  5 3  2 -2 3 -1
     -5/3
    boxx1234 2 5  5 3  2 -3 3 0
     -1/3
    boxx1234 2 5  5 3  3 -2 2 -1
     -2/3
    boxx1234 2 5  5 2  2 -2 3 0
     1/3*u
    boxx1234 2 5  4 2  2 -1 2 -1
     2/3
    boxx1234 2 5  4 2  2 -2 2 0
     1/3
;
  boxx1234 2 5  6 4  2 -3 4 -1
   1
    boxx1234 2 5  6 4  3 -3 3 -1
     2/3
    boxx1234 2 5  6 3  2 -3 4 0
     -u-t
    boxx1234 2 5  5 3  1 -3 4 0
     -1
    boxx1234 2 5  5 3  2 -2 3 -1
     -1
    boxx1234 2 5  5 3  2 -3 3 0
     -2/3
    boxx1234 2 5  5 2  2 -2 3 0
     u
    boxx1234 2 5  4 2  1 -2 3 0
     1
;
  boxx1234 2 5  6 4  2 -3 4 -1
   1
    boxx1234 2 5  6 4  3 -3 3 -1
     2/3
    boxx1234 2 5  6 3  2 -2 4 -1
     -u-t
    boxx1234 2 5  5 3  1 -2 4 -1
     -1
    boxx1234 2 5  5 3  2 -2 3 -1
     -4/3
    boxx1234 2 5  5 3  2 -3 3 0
     -1/3
    boxx1234 2 5  5 2  2 -2 3 0
     1/3*u
    boxx1234 2 5  4 2  1 -1 3 -1
     2/3
    boxx1234 2 5  4 2  1 -2 3 0
     1/3
;
  boxx1234 2 5  6 4  2 -2 4 -2
   1
    boxx1234 2 5  5 4  1 -2 4 -2
     (u+t)^(-1)
    boxx1234 2 5  5 4  2 -2 3 -2
     -1/3*(u+t)^(-1)*(-3+dim)
    boxx1234 2 5  4 3  1 -1 3 -2
     -2/3*(u+t)^(-1)
    boxx1234 2 5  4 3  1 -2 3 -1
     -2/3*(u+t)^(-1)
;
  boxx1234 2 5  6 4  2 -2 4 -2
   1
    boxx1234 2 5  6 4  3 -2 3 -2
     2/3
    boxx1234 2 5  6 3  3 -1 3 -2
     -2/3*u-2/3*t
    boxx1234 2 5  5 3  2 -1 3 -2
     -4/3
    boxx1234 2 5  5 3  2 -2 3 -1
     -2/3
    boxx1234 2 5  5 3  3 -1 2 -2
     -2/3
    boxx1234 2 5  5 2  2 -1 3 -1
     2/3*u
    boxx1234 2 5  4 2  2 0 2 -2
     1/3
    boxx1234 2 5  4 2  2 -1 2 -1
     2/3
;
  boxx1234 2 5  6 4  2 -2 4 -2
   1
    boxx1234 2 5  6 4  3 -2 3 -2
     2/3
    boxx1234 2 5  6 3  2 -2 4 -1
     -u-t
    boxx1234 2 5  5 3  1 -2 4 -1
     -1
    boxx1234 2 5  5 3  2 -1 3 -2
     -2/3
    boxx1234 2 5  5 3  2 -2 3 -1
     -1
    boxx1234 2 5  5 2  2 -1 3 -1
     2/3*u
    boxx1234 2 5  4 2  1 -1 3 -1
     2/3
    boxx1234 2 5  4 2  1 -2 3 0
     1/3
;
  boxx1234 2 5  6 4  2 -2 4 -2
   1
    boxx1234 2 5  6 4  3 -2 3 -2
     2/3
    boxx1234 2 5  6 3  2 -1 4 -2
     -u-t
    boxx1234 2 5  5 3  1 -1 4 -2
     -1
    boxx1234 2 5  5 3  2 -1 3 -2
     -1
    boxx1234 2 5  5 3  2 -2 3 -1
     -2/3
    boxx1234 2 5  5 2  2 -1 3 -1
     2/3*u
    boxx1234 2 5  4 2  1 0 3 -2
     1/3
    boxx1234 2 5  4 2  1 -1 3 -1
     2/3
;
  boxx1234 2 5  6 4  2 -1 4 -3
   1
    boxx1234 2 5  5 4  1 -1 4 -3
     (u+t)^(-1)
    boxx1234 2 5  5 4  2 -1 3 -3
     -1/3*(u+t)^(-1)*(-3+dim)
    boxx1234 2 5  4 3  1 0 3 -3
     -1/3*(u+t)^(-1)
    boxx1234 2 5  4 3  1 -1 3 -2
     -(u+t)^(-1)
;
  boxx1234 2 5  6 4  2 -1 4 -3
   1
    boxx1234 2 5  6 4  3 -1 3 -3
     2/3
    boxx1234 2 5  6 3  3 0 3 -3
     -2/3*u-2/3*t
    boxx1234 2 5  5 3  2 0 3 -3
     -1
    boxx1234 2 5  5 3  2 -1 3 -2
     -1
    boxx1234 2 5  5 3  3 0 2 -3
     -2/3
    boxx1234 2 5  5 2  2 0 3 -2
     u
    boxx1234 2 5  4 2  2 0 2 -2
     1
;
  boxx1234 2 5  6 4  2 -1 4 -3
   1
    boxx1234 2 5  6 4  3 -1 3 -3
     2/3
    boxx1234 2 5  6 3  2 -1 4 -2
     -u-t
    boxx1234 2 5  5 3  1 -1 4 -2
     -1
    boxx1234 2 5  5 3  2 0 3 -3
     -1/3
    boxx1234 2 5  5 3  2 -1 3 -2
     -4/3
    boxx1234 2 5  5 2  2 0 3 -2
     1/3*u
    boxx1234 2 5  4 2  1 0 3 -2
     1/3
    boxx1234 2 5  4 2  1 -1 3 -1
     2/3
;
  boxx1234 2 5  6 4  2 -1 4 -3
   1
    boxx1234 2 5  6 4  3 -1 3 -3
     2/3
    boxx1234 2 5  6 3  2 0 4 -3
     -u-t
    boxx1234 2 5  5 3  1 0 4 -3
     -1
    boxx1234 2 5  5 3  2 0 3 -3
     -2/3
    boxx1234 2 5  5 3  2 -1 3 -2
     -1
    boxx1234 2 5  5 2  2 0 3 -2
     u
    boxx1234 2 5  4 2  1 0 3 -2
     1
;
  boxx1234 2 5  6 4  2 0 4 -4
   1
    boxx1234 2 5  5 4  1 0 4 -4
     (u+t)^(-1)
    boxx1234 2 5  5 4  2 0 3 -4
     -1/3*(u+t)^(-1)*(-3+dim)
    boxx1234 2 5  4 3  1 0 3 -3
     -4/3*(u+t)^(-1)
;
  boxx1234 2 5  6 4  2 0 4 -4
   1
    boxx1234 2 5  6 4  3 0 3 -4
     2/3
    boxx1234 2 5  6 3  2 0 4 -3
     -u-t
    boxx1234 2 5  5 3  1 0 4 -3
     -1
    boxx1234 2 5  5 3  2 0 3 -3
     -5/3
    boxx1234 2 5  4 2  1 0 3 -2
     1
;
  boxx1234 2 5  6 4  1 -4 5 0
   1
    boxx1234 2 5  5 4  1 -4 4 0
     -1/4*(u+t)^(-1)*(-2+dim)
;
  boxx1234 2 5  6 4  1 -4 5 0
   1
    boxx1234 2 5  6 4  2 -4 4 0
     1/4
    boxx1234 2 5  6 3  2 -3 4 0
     -1/4*u-1/4*t
    boxx1234 2 5  5 3  1 -3 4 0
     -7/4
    boxx1234 2 5  5 3  2 -3 3 0
     -1/4
    boxx1234 2 5  4 2  1 -2 3 0
     3/4
;
  boxx1234 2 5  6 4  1 -4 5 0
   1
    boxx1234 2 5  6 4  2 -4 4 0
     1/4
    boxx1234 2 5  6 3  1 -3 5 0
     -u-t
    boxx1234 2 5  5 3  1 -3 4 0
     -1
;
  boxx1234 2 5  6 4  1 -3 5 -1
   1
    boxx1234 2 5  5 4  1 -3 4 -1
     -1/4*(u+t)^(-1)*(-2+dim)
;
  boxx1234 2 5  6 4  1 -3 5 -1
   1
    boxx1234 2 5  6 4  2 -3 4 -1
     1/4
    boxx1234 2 5  6 3  2 -2 4 -1
     -1/4*u-1/4*t
    boxx1234 2 5  5 3  1 -2 4 -1
     -3/2
    boxx1234 2 5  5 3  1 -3 4 0
     -1/4
    boxx1234 2 5  5 3  2 -2 3 -1
     -1/4
    boxx1234 2 5  5 2  1 -2 4 0
     1/4*u
    boxx1234 2 5  4 2  1 -1 3 -1
     1/2
    boxx1234 2 5  4 2  1 -2 3 0
     1/4
;
  boxx1234 2 5  6 4  1 -3 5 -1
   1
    boxx1234 2 5  6 4  2 -3 4 -1
     1/4
    boxx1234 2 5  6 3  1 -3 5 0
     -u-t
    boxx1234 2 5  5 3  1 -2 4 -1
     -3/4
    boxx1234 2 5  5 3  1 -3 4 0
     -1/4
    boxx1234 2 5  5 2  1 -2 4 0
     3/4*u
;
  boxx1234 2 5  6 4  1 -3 5 -1
   1
    boxx1234 2 5  6 4  2 -3 4 -1
     1/4
    boxx1234 2 5  6 3  1 -2 5 -1
     -u-t
    boxx1234 2 5  5 3  1 -2 4 -1
     -3/4
    boxx1234 2 5  5 3  1 -3 4 0
     -1/4
    boxx1234 2 5  5 2  1 -2 4 0
     1/4*u
;
  boxx1234 2 5  6 4  1 -2 5 -2
   1
    boxx1234 2 5  5 4  1 -2 4 -2
     -1/4*(u+t)^(-1)*(-2+dim)
;
  boxx1234 2 5  6 4  1 -2 5 -2
   1
    boxx1234 2 5  6 4  2 -2 4 -2
     1/4
    boxx1234 2 5  6 3  2 -1 4 -2
     -1/4*u-1/4*t
    boxx1234 2 5  5 3  1 -1 4 -2
     -5/4
    boxx1234 2 5  5 3  1 -2 4 -1
     -1/2
    boxx1234 2 5  5 3  2 -1 3 -2
     -1/4
    boxx1234 2 5  5 2  1 -1 4 -1
     1/2*u
    boxx1234 2 5  4 2  1 0 3 -2
     1/4
    boxx1234 2 5  4 2  1 -1 3 -1
     1/2
;
  boxx1234 2 5  6 4  1 -2 5 -2
   1
    boxx1234 2 5  6 4  2 -2 4 -2
     1/4
    boxx1234 2 5  6 3  1 -2 5 -1
     -u-t
    boxx1234 2 5  5 3  1 -1 4 -2
     -1/2
    boxx1234 2 5  5 3  1 -2 4 -1
     -1/2
    boxx1234 2 5  5 2  1 -1 4 -1
     1/2*u
;
  boxx1234 2 5  6 4  1 -2 5 -2
   1
    boxx1234 2 5  6 4  2 -2 4 -2
     1/4
    boxx1234 2 5  6 3  1 -1 5 -2
     -u-t
    boxx1234 2 5  5 3  1 -1 4 -2
     -1/2
    boxx1234 2 5  5 3  1 -2 4 -1
     -1/2
    boxx1234 2 5  5 2  1 -1 4 -1
     1/2*u
;
  boxx1234 2 5  6 4  1 -1 5 -3
   1
    boxx1234 2 5  5 4  1 -1 4 -3
     -1/4*(u+t)^(-1)*(-2+dim)
;
  boxx1234 2 5  6 4  1 -1 5 -3
   1
    boxx1234 2 5  6 4  2 -1 4 -3
     1/4
    boxx1234 2 5  6 3  2 0 4 -3
     -1/4*u-1/4*t
    boxx1234 2 5  5 3  1 0 4 -3
     -1
    boxx1234 2 5  5 3  1 -1 4 -2
     -3/4
    boxx1234 2 5  5 3  2 0 3 -3
     -1/4
    boxx1234 2 5  5 2  1 0 4 -2
     3/4*u
    boxx1234 2 5  4 2  1 0 3 -2
     3/4
;
  boxx1234 2 5  6 4  1 -1 5 -3
   1
    boxx1234 2 5  6 4  2 -1 4 -3
     1/4
    boxx1234 2 5  6 3  1 -1 5 -2
     -u-t
    boxx1234 2 5  5 3  1 0 4 -3
     -1/4
    boxx1234 2 5  5 3  1 -1 4 -2
     -3/4
    boxx1234 2 5  5 2  1 0 4 -2
     1/4*u
;
  boxx1234 2 5  6 4  1 -1 5 -3
   1
    boxx1234 2 5  6 4  2 -1 4 -3
     1/4
    boxx1234 2 5  6 3  1 0 5 -3
     -u-t
    boxx1234 2 5  5 3  1 0 4 -3
     -1/4
    boxx1234 2 5  5 3  1 -1 4 -2
     -3/4
    boxx1234 2 5  5 2  1 0 4 -2
     3/4*u
;
  boxx1234 2 5  6 4  1 0 5 -4
   1
    boxx1234 2 5  5 4  1 0 4 -4
     -1/4*(u+t)^(-1)*(-2+dim)
;
  boxx1234 2 5  6 4  1 0 5 -4
   1
    boxx1234 2 5  6 4  2 0 4 -4
     1/4
    boxx1234 2 5  6 3  1 0 5 -3
     -u-t
    boxx1234 2 5  5 3  1 0 4 -3
     -1
;
  boxx1234 2 5  6 5  4 -5 2 0
   1
    boxx1234 2 5  6 5  5 -5 1 0
     4
    boxx1234 2 5  6 4  5 -4 1 0
     -4*u-4*t
    boxx1234 2 5  5 4  4 -4 1 0
     -5
;
  boxx1234 2 5  6 5  4 -5 2 0
   1
    boxx1234 2 5  6 5  5 -5 1 0
     4
    boxx1234 2 5  6 4  4 -4 2 0
     -u-t
    boxx1234 2 5  5 4  3 -4 2 0
     -1
    boxx1234 2 5  5 4  4 -4 1 0
     -8
    boxx1234 2 5  4 3  3 -3 1 0
     4
;
  boxx1234 2 5  6 5  4 -4 2 -1
   1
    boxx1234 2 5  6 5  5 -4 1 -1
     4
    boxx1234 2 5  6 4  5 -3 1 -1
     -4*u-4*t
    boxx1234 2 5  5 4  4 -3 1 -1
     -4
    boxx1234 2 5  5 4  4 -4 1 0
     -1
    boxx1234 2 5  5 3  4 -3 1 0
     u
;
  boxx1234 2 5  6 5  4 -4 2 -1
   1
    boxx1234 2 5  6 5  5 -4 1 -1
     4
    boxx1234 2 5  6 4  4 -4 2 0
     -u-t
    boxx1234 2 5  5 4  3 -4 2 0
     -1
    boxx1234 2 5  5 4  4 -3 1 -1
     -4
    boxx1234 2 5  5 4  4 -4 1 0
     -4
    boxx1234 2 5  5 3  4 -3 1 0
     4*u
    boxx1234 2 5  4 3  3 -3 1 0
     4
;
  boxx1234 2 5  6 5  4 -4 2 -1
   1
    boxx1234 2 5  6 5  5 -4 1 -1
     4
    boxx1234 2 5  6 4  4 -3 2 -1
     -u-t
    boxx1234 2 5  5 4  3 -3 2 -1
     -1
    boxx1234 2 5  5 4  4 -3 1 -1
     -7
    boxx1234 2 5  5 4  4 -4 1 0
     -1
    boxx1234 2 5  5 3  4 -3 1 0
     u
    boxx1234 2 5  4 3  3 -2 1 -1
     3
    boxx1234 2 5  4 3  3 -3 1 0
     1
;
  boxx1234 2 5  6 5  4 -3 2 -2
   1
    boxx1234 2 5  6 5  5 -3 1 -2
     4
    boxx1234 2 5  6 4  5 -2 1 -2
     -4*u-4*t
    boxx1234 2 5  5 4  4 -2 1 -2
     -3
    boxx1234 2 5  5 4  4 -3 1 -1
     -2
    boxx1234 2 5  5 3  4 -2 1 -1
     2*u
;
  boxx1234 2 5  6 5  4 -3 2 -2
   1
    boxx1234 2 5  6 5  5 -3 1 -2
     4
    boxx1234 2 5  6 4  4 -3 2 -1
     -u-t
    boxx1234 2 5  5 4  3 -3 2 -1
     -1
    boxx1234 2 5  5 4  4 -2 1 -2
     -3
    boxx1234 2 5  5 4  4 -3 1 -1
     -5
    boxx1234 2 5  5 3  4 -2 1 -1
     3*u
    boxx1234 2 5  4 3  3 -2 1 -1
     3
    boxx1234 2 5  4 3  3 -3 1 0
     1
;
  boxx1234 2 5  6 5  4 -3 2 -2
   1
    boxx1234 2 5  6 5  5 -3 1 -2
     4
    boxx1234 2 5  6 4  4 -2 2 -2
     -u-t
    boxx1234 2 5  5 4  3 -2 2 -2
     -1
    boxx1234 2 5  5 4  4 -2 1 -2
     -6
    boxx1234 2 5  5 4  4 -3 1 -1
     -2
    boxx1234 2 5  5 3  4 -2 1 -1
     2*u
    boxx1234 2 5  4 3  3 -1 1 -2
     2
    boxx1234 2 5  4 3  3 -2 1 -1
     2
;
  boxx1234 2 5  6 5  4 -2 2 -3
   1
    boxx1234 2 5  6 5  5 -2 1 -3
     4
    boxx1234 2 5  6 4  5 -1 1 -3
     -4*u-4*t
    boxx1234 2 5  5 4  4 -1 1 -3
     -2
    boxx1234 2 5  5 4  4 -2 1 -2
     -3
    boxx1234 2 5  5 3  4 -1 1 -2
     3*u
;
  boxx1234 2 5  6 5  4 -2 2 -3
   1
    boxx1234 2 5  6 5  5 -2 1 -3
     4
    boxx1234 2 5  6 4  4 -2 2 -2
     -u-t
    boxx1234 2 5  5 4  3 -2 2 -2
     -1
    boxx1234 2 5  5 4  4 -1 1 -3
     -2
    boxx1234 2 5  5 4  4 -2 1 -2
     -6
    boxx1234 2 5  5 3  4 -1 1 -2
     2*u
    boxx1234 2 5  4 3  3 -1 1 -2
     2
    boxx1234 2 5  4 3  3 -2 1 -1
     2
;
  boxx1234 2 5  6 5  4 -2 2 -3
   1
    boxx1234 2 5  6 5  5 -2 1 -3
     4
    boxx1234 2 5  6 4  4 -1 2 -3
     -u-t
    boxx1234 2 5  5 4  3 -1 2 -3
     -1
    boxx1234 2 5  5 4  4 -1 1 -3
     -5
    boxx1234 2 5  5 4  4 -2 1 -2
     -3
    boxx1234 2 5  5 3  4 -1 1 -2
     3*u
    boxx1234 2 5  4 3  3 0 1 -3
     1
    boxx1234 2 5  4 3  3 -1 1 -2
     3
;
  boxx1234 2 5  6 5  4 -1 2 -4
   1
    boxx1234 2 5  6 5  5 -1 1 -4
     4
    boxx1234 2 5  6 4  5 0 1 -4
     -4*u-4*t
    boxx1234 2 5  5 4  4 0 1 -4
     -1
    boxx1234 2 5  5 4  4 -1 1 -3
     -4
    boxx1234 2 5  5 3  4 0 1 -3
     4*u
;
  boxx1234 2 5  6 5  4 -1 2 -4
   1
    boxx1234 2 5  6 5  5 -1 1 -4
     4
    boxx1234 2 5  6 4  4 -1 2 -3
     -u-t
    boxx1234 2 5  5 4  3 -1 2 -3
     -1
    boxx1234 2 5  5 4  4 0 1 -4
     -1
    boxx1234 2 5  5 4  4 -1 1 -3
     -7
    boxx1234 2 5  5 3  4 0 1 -3
     u
    boxx1234 2 5  4 3  3 0 1 -3
     1
    boxx1234 2 5  4 3  3 -1 1 -2
     3
;
  boxx1234 2 5  6 5  4 -1 2 -4
   1
    boxx1234 2 5  6 5  5 -1 1 -4
     4
    boxx1234 2 5  6 4  4 0 2 -4
     -u-t
    boxx1234 2 5  5 4  3 0 2 -4
     -1
    boxx1234 2 5  5 4  4 0 1 -4
     -4
    boxx1234 2 5  5 4  4 -1 1 -3
     -4
    boxx1234 2 5  5 3  4 0 1 -3
     4*u
    boxx1234 2 5  4 3  3 0 1 -3
     4
;
  boxx1234 2 5  6 5  4 0 2 -5
   1
    boxx1234 2 5  6 5  5 0 1 -5
     4
    boxx1234 2 5  6 4  4 0 2 -4
     -u-t
    boxx1234 2 5  5 4  3 0 2 -4
     -1
    boxx1234 2 5  5 4  4 0 1 -4
     -8
    boxx1234 2 5  4 3  3 0 1 -3
     4
;
  boxx1234 2 5  6 5  3 -5 3 0
   1
    boxx1234 2 5  6 5  4 -5 2 0
     3/2
    boxx1234 2 5  6 4  4 -4 2 0
     -3/2*u-3/2*t
    boxx1234 2 5  5 4  3 -4 2 0
     -3
    boxx1234 2 5  5 4  4 -4 1 0
     -3/2
    boxx1234 2 5  4 3  3 -3 1 0
     2
;
  boxx1234 2 5  6 5  3 -5 3 0
   1
    boxx1234 2 5  6 5  4 -5 2 0
     3/2
    boxx1234 2 5  6 4  3 -4 3 0
     -u-t
    boxx1234 2 5  5 4  2 -4 3 0
     -1
    boxx1234 2 5  5 4  3 -4 2 0
     -7/2
    boxx1234 2 5  4 3  2 -3 2 0
     2
;
  boxx1234 2 5  6 5  3 -4 3 -1
   1
    boxx1234 2 5  6 5  4 -4 2 -1
     3/2
    boxx1234 2 5  6 4  4 -3 2 -1
     -3/2*u-3/2*t
    boxx1234 2 5  5 4  3 -3 2 -1
     -5/2
    boxx1234 2 5  5 4  3 -4 2 0
     -1/2
    boxx1234 2 5  5 4  4 -3 1 -1
     -3/2
    boxx1234 2 5  5 3  3 -3 2 0
     1/2*u
    boxx1234 2 5  4 3  3 -2 1 -1
     3/2
    boxx1234 2 5  4 3  3 -3 1 0
     1/2
;
  boxx1234 2 5  6 5  3 -4 3 -1
   1
    boxx1234 2 5  6 5  4 -4 2 -1
     3/2
    boxx1234 2 5  6 4  3 -4 3 0
     -u-t
    boxx1234 2 5  5 4  2 -4 3 0
     -1
    boxx1234 2 5  5 4  3 -3 2 -1
     -2
    boxx1234 2 5  5 4  3 -4 2 0
     -3/2
    boxx1234 2 5  5 3  3 -3 2 0
     2*u
    boxx1234 2 5  4 3  2 -3 2 0
     2
;
  boxx1234 2 5  6 5  3 -4 3 -1
   1
    boxx1234 2 5  6 5  4 -4 2 -1
     3/2
    boxx1234 2 5  6 4  3 -3 3 -1
     -u-t
    boxx1234 2 5  5 4  2 -3 3 -1
     -1
    boxx1234 2 5  5 4  3 -3 2 -1
     -3
    boxx1234 2 5  5 4  3 -4 2 0
     -1/2
    boxx1234 2 5  5 3  3 -3 2 0
     1/2*u
    boxx1234 2 5  4 3  2 -2 2 -1
     3/2
    boxx1234 2 5  4 3  2 -3 2 0
     1/2
;
  boxx1234 2 5  6 5  3 -3 3 -2
   1
    boxx1234 2 5  6 5  4 -3 2 -2
     3/2
    boxx1234 2 5  6 4  4 -2 2 -2
     -3/2*u-3/2*t
    boxx1234 2 5  5 4  3 -2 2 -2
     -2
    boxx1234 2 5  5 4  3 -3 2 -1
     -1
    boxx1234 2 5  5 4  4 -2 1 -2
     -3/2
    boxx1234 2 5  5 3  3 -2 2 -1
     u
    boxx1234 2 5  4 3  3 -1 1 -2
     1
    boxx1234 2 5  4 3  3 -2 1 -1
     1
;
  boxx1234 2 5  6 5  3 -3 3 -2
   1
    boxx1234 2 5  6 5  4 -3 2 -2
     3/2
    boxx1234 2 5  6 4  3 -3 3 -1
     -u-t
    boxx1234 2 5  5 4  2 -3 3 -1
     -1
    boxx1234 2 5  5 4  3 -2 2 -2
     -3/2
    boxx1234 2 5  5 4  3 -3 2 -1
     -2
    boxx1234 2 5  5 3  3 -2 2 -1
     3/2*u
    boxx1234 2 5  4 3  2 -2 2 -1
     3/2
    boxx1234 2 5  4 3  2 -3 2 0
     1/2
;
  boxx1234 2 5  6 5  3 -3 3 -2
   1
    boxx1234 2 5  6 5  4 -3 2 -2
     3/2
    boxx1234 2 5  6 4  3 -2 3 -2
     -u-t
    boxx1234 2 5  5 4  2 -2 3 -2
     -1
    boxx1234 2 5  5 4  3 -2 2 -2
     -5/2
    boxx1234 2 5  5 4  3 -3 2 -1
     -1
    boxx1234 2 5  5 3  3 -2 2 -1
     u
    boxx1234 2 5  4 3  2 -1 2 -2
     1
    boxx1234 2 5  4 3  2 -2 2 -1
     1
;
  boxx1234 2 5  6 5  3 -2 3 -3
   1
    boxx1234 2 5  6 5  4 -2 2 -3
     3/2
    boxx1234 2 5  6 4  4 -1 2 -3
     -3/2*u-3/2*t
    boxx1234 2 5  5 4  3 -1 2 -3
     -3/2
    boxx1234 2 5  5 4  3 -2 2 -2
     -3/2
    boxx1234 2 5  5 4  4 -1 1 -3
     -3/2
    boxx1234 2 5  5 3  3 -1 2 -2
     3/2*u
    boxx1234 2 5  4 3  3 0 1 -3
     1/2
    boxx1234 2 5  4 3  3 -1 1 -2
     3/2
;
  boxx1234 2 5  6 5  3 -2 3 -3
   1
    boxx1234 2 5  6 5  4 -2 2 -3
     3/2
    boxx1234 2 5  6 4  3 -2 3 -2
     -u-t
    boxx1234 2 5  5 4  2 -2 3 -2
     -1
    boxx1234 2 5  5 4  3 -1 2 -3
     -1
    boxx1234 2 5  5 4  3 -2 2 -2
     -5/2
    boxx1234 2 5  5 3  3 -1 2 -2
     u
    boxx1234 2 5  4 3  2 -1 2 -2
     1
    boxx1234 2 5  4 3  2 -2 2 -1
     1
;
  boxx1234 2 5  6 5  3 -2 3 -3
   1
    boxx1234 2 5  6 5  4 -2 2 -3
     3/2
    boxx1234 2 5  6 4  3 -1 3 -3
     -u-t
    boxx1234 2 5  5 4  2 -1 3 -3
     -1
    boxx1234 2 5  5 4  3 -1 2 -3
     -2
    boxx1234 2 5  5 4  3 -2 2 -2
     -3/2
    boxx1234 2 5  5 3  3 -1 2 -2
     3/2*u
    boxx1234 2 5  4 3  2 0 2 -3
     1/2
    boxx1234 2 5  4 3  2 -1 2 -2
     3/2
;
  boxx1234 2 5  6 5  3 -1 3 -4
   1
    boxx1234 2 5  6 5  4 -1 2 -4
     3/2
    boxx1234 2 5  6 4  4 0 2 -4
     -3/2*u-3/2*t
    boxx1234 2 5  5 4  3 0 2 -4
     -1
    boxx1234 2 5  5 4  3 -1 2 -3
     -2
    boxx1234 2 5  5 4  4 0 1 -4
     -3/2
    boxx1234 2 5  5 3  3 0 2 -3
     2*u
    boxx1234 2 5  4 3  3 0 1 -3
     2
;
  boxx1234 2 5  6 5  3 -1 3 -4
   1
    boxx1234 2 5  6 5  4 -1 2 -4
     3/2
    boxx1234 2 5  6 4  3 -1 3 -3
     -u-t
    boxx1234 2 5  5 4  2 -1 3 -3
     -1
    boxx1234 2 5  5 4  3 0 2 -4
     -1/2
    boxx1234 2 5  5 4  3 -1 2 -3
     -3
    boxx1234 2 5  5 3  3 0 2 -3
     1/2*u
    boxx1234 2 5  4 3  2 0 2 -3
     1/2
    boxx1234 2 5  4 3  2 -1 2 -2
     3/2
;
  boxx1234 2 5  6 5  3 -1 3 -4
   1
    boxx1234 2 5  6 5  4 -1 2 -4
     3/2
    boxx1234 2 5  6 4  3 0 3 -4
     -u-t
    boxx1234 2 5  5 4  2 0 3 -4
     -1
    boxx1234 2 5  5 4  3 0 2 -4
     -3/2
    boxx1234 2 5  5 4  3 -1 2 -3
     -2
    boxx1234 2 5  5 3  3 0 2 -3
     2*u
    boxx1234 2 5  4 3  2 0 2 -3
     2
;
  boxx1234 2 5  6 5  3 0 3 -5
   1
    boxx1234 2 5  6 5  4 0 2 -5
     3/2
    boxx1234 2 5  6 4  3 0 3 -4
     -u-t
    boxx1234 2 5  5 4  2 0 3 -4
     -1
    boxx1234 2 5  5 4  3 0 2 -4
     -7/2
    boxx1234 2 5  4 3  2 0 2 -3
     2
;
  boxx1234 2 5  6 5  2 -5 4 0
   1
    boxx1234 2 5  6 5  3 -5 3 0
     2/3
    boxx1234 2 5  6 4  3 -4 3 0
     -2/3*u-2/3*t
    boxx1234 2 5  5 4  2 -4 3 0
     -7/3
    boxx1234 2 5  5 4  3 -4 2 0
     -2/3
    boxx1234 2 5  4 3  2 -3 2 0
     4/3
;
  boxx1234 2 5  6 5  2 -5 4 0
   1
    boxx1234 2 5  6 5  3 -5 3 0
     2/3
    boxx1234 2 5  6 4  2 -4 4 0
     -u-t
    boxx1234 2 5  5 4  1 -4 4 0
     -1
    boxx1234 2 5  5 4  2 -4 3 0
     -2
    boxx1234 2 5  4 3  1 -3 3 0
     4/3
;
  boxx1234 2 5  6 5  2 -4 4 -1
   1
    boxx1234 2 5  6 5  3 -4 3 -1
     2/3
    boxx1234 2 5  6 4  3 -3 3 -1
     -2/3*u-2/3*t
    boxx1234 2 5  5 4  2 -3 3 -1
     -2
    boxx1234 2 5  5 4  2 -4 3 0
     -1/3
    boxx1234 2 5  5 4  3 -3 2 -1
     -2/3
    boxx1234 2 5  5 3  2 -3 3 0
     1/3*u
    boxx1234 2 5  4 3  2 -2 2 -1
     1
    boxx1234 2 5  4 3  2 -3 2 0
     1/3
;
  boxx1234 2 5  6 5  2 -4 4 -1
   1
    boxx1234 2 5  6 5  3 -4 3 -1
     2/3
    boxx1234 2 5  6 4  2 -4 4 0
     -u-t
    boxx1234 2 5  5 4  1 -4 4 0
     -1
    boxx1234 2 5  5 4  2 -3 3 -1
     -4/3
    boxx1234 2 5  5 4  2 -4 3 0
     -2/3
    boxx1234 2 5  5 3  2 -3 3 0
     4/3*u
    boxx1234 2 5  4 3  1 -3 3 0
     4/3
;
  boxx1234 2 5  6 5  2 -4 4 -1
   1
    boxx1234 2 5  6 5  3 -4 3 -1
     2/3
    boxx1234 2 5  6 4  2 -3 4 -1
     -u-t
    boxx1234 2 5  5 4  1 -3 4 -1
     -1
    boxx1234 2 5  5 4  2 -3 3 -1
     -5/3
    boxx1234 2 5  5 4  2 -4 3 0
     -1/3
    boxx1234 2 5  5 3  2 -3 3 0
     1/3*u
    boxx1234 2 5  4 3  1 -2 3 -1
     1
    boxx1234 2 5  4 3  1 -3 3 0
     1/3
;
  boxx1234 2 5  6 5  2 -3 4 -2
   1
    boxx1234 2 5  6 5  3 -3 3 -2
     2/3
    boxx1234 2 5  6 4  3 -2 3 -2
     -2/3*u-2/3*t
    boxx1234 2 5  5 4  2 -2 3 -2
     -5/3
    boxx1234 2 5  5 4  2 -3 3 -1
     -2/3
    boxx1234 2 5  5 4  3 -2 2 -2
     -2/3
    boxx1234 2 5  5 3  2 -2 3 -1
     2/3*u
    boxx1234 2 5  4 3  2 -1 2 -2
     2/3
    boxx1234 2 5  4 3  2 -2 2 -1
     2/3
;
  boxx1234 2 5  6 5  2 -3 4 -2
   1
    boxx1234 2 5  6 5  3 -3 3 -2
     2/3
    boxx1234 2 5  6 4  2 -3 4 -1
     -u-t
    boxx1234 2 5  5 4  1 -3 4 -1
     -1
    boxx1234 2 5  5 4  2 -2 3 -2
     -1
    boxx1234 2 5  5 4  2 -3 3 -1
     -1
    boxx1234 2 5  5 3  2 -2 3 -1
     u
    boxx1234 2 5  4 3  1 -2 3 -1
     1
    boxx1234 2 5  4 3  1 -3 3 0
     1/3
;
  boxx1234 2 5  6 5  2 -3 4 -2
   1
    boxx1234 2 5  6 5  3 -3 3 -2
     2/3
    boxx1234 2 5  6 4  2 -2 4 -2
     -u-t
    boxx1234 2 5  5 4  1 -2 4 -2
     -1
    boxx1234 2 5  5 4  2 -2 3 -2
     -4/3
    boxx1234 2 5  5 4  2 -3 3 -1
     -2/3
    boxx1234 2 5  5 3  2 -2 3 -1
     2/3*u
    boxx1234 2 5  4 3  1 -1 3 -2
     2/3
    boxx1234 2 5  4 3  1 -2 3 -1
     2/3
;
  boxx1234 2 5  6 5  2 -2 4 -3
   1
    boxx1234 2 5  6 5  3 -2 3 -3
     2/3
    boxx1234 2 5  6 4  3 -1 3 -3
     -2/3*u-2/3*t
    boxx1234 2 5  5 4  2 -1 3 -3
     -4/3
    boxx1234 2 5  5 4  2 -2 3 -2
     -1
    boxx1234 2 5  5 4  3 -1 2 -3
     -2/3
    boxx1234 2 5  5 3  2 -1 3 -2
     u
    boxx1234 2 5  4 3  2 0 2 -3
     1/3
    boxx1234 2 5  4 3  2 -1 2 -2
     1
;
  boxx1234 2 5  6 5  2 -2 4 -3
   1
    boxx1234 2 5  6 5  3 -2 3 -3
     2/3
    boxx1234 2 5  6 4  2 -2 4 -2
     -u-t
    boxx1234 2 5  5 4  1 -2 4 -2
     -1
    boxx1234 2 5  5 4  2 -1 3 -3
     -2/3
    boxx1234 2 5  5 4  2 -2 3 -2
     -4/3
    boxx1234 2 5  5 3  2 -1 3 -2
     2/3*u
    boxx1234 2 5  4 3  1 -1 3 -2
     2/3
    boxx1234 2 5  4 3  1 -2 3 -1
     2/3
;
  boxx1234 2 5  6 5  2 -2 4 -3
   1
    boxx1234 2 5  6 5  3 -2 3 -3
     2/3
    boxx1234 2 5  6 4  2 -1 4 -3
     -u-t
    boxx1234 2 5  5 4  1 -1 4 -3
     -1
    boxx1234 2 5  5 4  2 -1 3 -3
     -1
    boxx1234 2 5  5 4  2 -2 3 -2
     -1
    boxx1234 2 5  5 3  2 -1 3 -2
     u
    boxx1234 2 5  4 3  1 0 3 -3
     1/3
    boxx1234 2 5  4 3  1 -1 3 -2
     1
;
  boxx1234 2 5  6 5  2 -1 4 -4
   1
    boxx1234 2 5  6 5  3 -1 3 -4
     2/3
    boxx1234 2 5  6 4  3 0 3 -4
     -2/3*u-2/3*t
    boxx1234 2 5  5 4  2 0 3 -4
     -1
    boxx1234 2 5  5 4  2 -1 3 -3
     -4/3
    boxx1234 2 5  5 4  3 0 2 -4
     -2/3
    boxx1234 2 5  5 3  2 0 3 -3
     4/3*u
    boxx1234 2 5  4 3  2 0 2 -3
     4/3
;
  boxx1234 2 5  6 5  2 -1 4 -4
   1
    boxx1234 2 5  6 5  3 -1 3 -4
     2/3
    boxx1234 2 5  6 4  2 -1 4 -3
     -u-t
    boxx1234 2 5  5 4  1 -1 4 -3
     -1
    boxx1234 2 5  5 4  2 0 3 -4
     -1/3
    boxx1234 2 5  5 4  2 -1 3 -3
     -5/3
    boxx1234 2 5  5 3  2 0 3 -3
     1/3*u
    boxx1234 2 5  4 3  1 0 3 -3
     1/3
    boxx1234 2 5  4 3  1 -1 3 -2
     1
;
  boxx1234 2 5  6 5  2 -1 4 -4
   1
    boxx1234 2 5  6 5  3 -1 3 -4
     2/3
    boxx1234 2 5  6 4  2 0 4 -4
     -u-t
    boxx1234 2 5  5 4  1 0 4 -4
     -1
    boxx1234 2 5  5 4  2 0 3 -4
     -2/3
    boxx1234 2 5  5 4  2 -1 3 -3
     -4/3
    boxx1234 2 5  5 3  2 0 3 -3
     4/3*u
    boxx1234 2 5  4 3  1 0 3 -3
     4/3
;
  boxx1234 2 5  6 5  2 0 4 -5
   1
    boxx1234 2 5  6 5  3 0 3 -5
     2/3
    boxx1234 2 5  6 4  2 0 4 -4
     -u-t
    boxx1234 2 5  5 4  1 0 4 -4
     -1
    boxx1234 2 5  5 4  2 0 3 -4
     -2
    boxx1234 2 5  4 3  1 0 3 -3
     4/3
;
  boxx1234 2 5  6 5  1 -5 5 0
   1
    boxx1234 2 5  6 5  2 -5 4 0
     1/4
    boxx1234 2 5  6 4  2 -4 4 0
     -1/4*u-1/4*t
    boxx1234 2 5  5 4  1 -4 4 0
     -2
    boxx1234 2 5  5 4  2 -4 3 0
     -1/4
    boxx1234 2 5  4 3  1 -3 3 0
     1
;
  boxx1234 2 5  6 5  1 -5 5 0
   1
    boxx1234 2 5  6 5  2 -5 4 0
     1/4
    boxx1234 2 5  6 4  1 -4 5 0
     -u-t
    boxx1234 2 5  5 4  1 -4 4 0
     -5/4
;
  boxx1234 2 5  6 5  1 -4 5 -1
   1
    boxx1234 2 5  6 5  2 -4 4 -1
     1/4
    boxx1234 2 5  6 4  2 -3 4 -1
     -1/4*u-1/4*t
    boxx1234 2 5  5 4  1 -3 4 -1
     -7/4
    boxx1234 2 5  5 4  1 -4 4 0
     -1/4
    boxx1234 2 5  5 4  2 -3 3 -1
     -1/4
    boxx1234 2 5  5 3  1 -3 4 0
     1/4*u
    boxx1234 2 5  4 3  1 -2 3 -1
     3/4
    boxx1234 2 5  4 3  1 -3 3 0
     1/4
;
  boxx1234 2 5  6 5  1 -4 5 -1
   1
    boxx1234 2 5  6 5  2 -4 4 -1
     1/4
    boxx1234 2 5  6 4  1 -4 5 0
     -u-t
    boxx1234 2 5  5 4  1 -3 4 -1
     -1
    boxx1234 2 5  5 4  1 -4 4 0
     -1/4
    boxx1234 2 5  5 3  1 -3 4 0
     u
;
  boxx1234 2 5  6 5  1 -4 5 -1
   1
    boxx1234 2 5  6 5  2 -4 4 -1
     1/4
    boxx1234 2 5  6 4  1 -3 5 -1
     -u-t
    boxx1234 2 5  5 4  1 -3 4 -1
     -1
    boxx1234 2 5  5 4  1 -4 4 0
     -1/4
    boxx1234 2 5  5 3  1 -3 4 0
     1/4*u
;
  boxx1234 2 5  6 5  1 -3 5 -2
   1
    boxx1234 2 5  6 5  2 -3 4 -2
     1/4
    boxx1234 2 5  6 4  2 -2 4 -2
     -1/4*u-1/4*t
    boxx1234 2 5  5 4  1 -2 4 -2
     -3/2
    boxx1234 2 5  5 4  1 -3 4 -1
     -1/2
    boxx1234 2 5  5 4  2 -2 3 -2
     -1/4
    boxx1234 2 5  5 3  1 -2 4 -1
     1/2*u
    boxx1234 2 5  4 3  1 -1 3 -2
     1/2
    boxx1234 2 5  4 3  1 -2 3 -1
     1/2
;
  boxx1234 2 5  6 5  1 -3 5 -2
   1
    boxx1234 2 5  6 5  2 -3 4 -2
     1/4
    boxx1234 2 5  6 4  1 -3 5 -1
     -u-t
    boxx1234 2 5  5 4  1 -2 4 -2
     -3/4
    boxx1234 2 5  5 4  1 -3 4 -1
     -1/2
    boxx1234 2 5  5 3  1 -2 4 -1
     3/4*u
;
  boxx1234 2 5  6 5  1 -3 5 -2
   1
    boxx1234 2 5  6 5  2 -3 4 -2
     1/4
    boxx1234 2 5  6 4  1 -2 5 -2
     -u-t
    boxx1234 2 5  5 4  1 -2 4 -2
     -3/4
    boxx1234 2 5  5 4  1 -3 4 -1
     -1/2
    boxx1234 2 5  5 3  1 -2 4 -1
     1/2*u
;
  boxx1234 2 5  6 5  1 -2 5 -3
   1
    boxx1234 2 5  6 5  2 -2 4 -3
     1/4
    boxx1234 2 5  6 4  2 -1 4 -3
     -1/4*u-1/4*t
    boxx1234 2 5  5 4  1 -1 4 -3
     -5/4
    boxx1234 2 5  5 4  1 -2 4 -2
     -3/4
    boxx1234 2 5  5 4  2 -1 3 -3
     -1/4
    boxx1234 2 5  5 3  1 -1 4 -2
     3/4*u
    boxx1234 2 5  4 3  1 0 3 -3
     1/4
    boxx1234 2 5  4 3  1 -1 3 -2
     3/4
;
  boxx1234 2 5  6 5  1 -2 5 -3
   1
    boxx1234 2 5  6 5  2 -2 4 -3
     1/4
    boxx1234 2 5  6 4  1 -2 5 -2
     -u-t
    boxx1234 2 5  5 4  1 -1 4 -3
     -1/2
    boxx1234 2 5  5 4  1 -2 4 -2
     -3/4
    boxx1234 2 5  5 3  1 -1 4 -2
     1/2*u
;
  boxx1234 2 5  6 5  1 -2 5 -3
   1
    boxx1234 2 5  6 5  2 -2 4 -3
     1/4
    boxx1234 2 5  6 4  1 -1 5 -3
     -u-t
    boxx1234 2 5  5 4  1 -1 4 -3
     -1/2
    boxx1234 2 5  5 4  1 -2 4 -2
     -3/4
    boxx1234 2 5  5 3  1 -1 4 -2
     3/4*u
;
  boxx1234 2 5  6 5  1 -1 5 -4
   1
    boxx1234 2 5  6 5  2 -1 4 -4
     1/4
    boxx1234 2 5  6 4  2 0 4 -4
     -1/4*u-1/4*t
    boxx1234 2 5  5 4  1 0 4 -4
     -1
    boxx1234 2 5  5 4  1 -1 4 -3
     -1
    boxx1234 2 5  5 4  2 0 3 -4
     -1/4
    boxx1234 2 5  5 3  1 0 4 -3
     u
    boxx1234 2 5  4 3  1 0 3 -3
     1
;
  boxx1234 2 5  6 5  1 -1 5 -4
   1
    boxx1234 2 5  6 5  2 -1 4 -4
     1/4
    boxx1234 2 5  6 4  1 -1 5 -3
     -u-t
    boxx1234 2 5  5 4  1 0 4 -4
     -1/4
    boxx1234 2 5  5 4  1 -1 4 -3
     -1
    boxx1234 2 5  5 3  1 0 4 -3
     1/4*u
;
  boxx1234 2 5  6 5  1 -1 5 -4
   1
    boxx1234 2 5  6 5  2 -1 4 -4
     1/4
    boxx1234 2 5  6 4  1 0 5 -4
     -u-t
    boxx1234 2 5  5 4  1 0 4 -4
     -1/4
    boxx1234 2 5  5 4  1 -1 4 -3
     -1
    boxx1234 2 5  5 3  1 0 4 -3
     u
;
  boxx1234 2 5  6 5  1 0 5 -5
   1
    boxx1234 2 5  6 5  2 0 4 -5
     1/4
    boxx1234 2 5  6 4  1 0 5 -4
     -u-t
    boxx1234 2 5  5 4  1 0 4 -4
     -5/4
;
