  box 3 7  3 0  1 1 1 0
   1
    box 2 5  2 0  1 0 1 0
     2*(-3+dim)*(u*dim-4*u)^(-1)
;
  box 3 7  3 1  1 1 1 -1
   1
    box 2 5  2 0  1 0 1 0
     -(u*dim-2*u+2*t)*(u*dim-4*u)^(-1)
;
  box 3 7  3 2  1 1 1 -2
   1
    box 2 5  2 0  1 0 1 0
     -1/2*(6*u*dim-8*u-u*dim^2)^(-1)*(2*(2*u*t-u^2)*dim+8*t^2+u^2*dim^2)
;
  box 3 7  3 3  1 1 1 -3
   1
    box 2 5  2 0  1 0 1 0
     -1/4*(14*u*dim-8*u-7*u*dim^2+u*dim^3)^(-1)*(6*u^2*t*dim^2-4*(u^3-6*u*t^2-3*u^2*t)*dim+48*u*t^2+48*t^3+u^3*dim^3)
;
  box 3 7  3 4  1 1 1 -4
   1
    box 2 5  2 0  1 0 1 0
     -1/8*(4*(12*u^3*t+12*u^2*t^2-u^4)*dim^2+4*(2*u^3*t+u^4)*dim^3+384*t^4+768*u*t^3+16*(12*u*t^3+4*u^3*t+18*u^2*t^2-u^4)*dim+384*u^2*t^2+u^4*dim^4)*(8*u*dim-14*u*dim^2+7*u*dim^3-u*dim^4)^(-1)
;
  box 3 7  4 0  2 1 1 0
   1
    box 2 5  2 0  1 0 1 0
     -2*u^(-2)*(-3+dim)
;
  box 3 7  4 0  1 2 1 0
   1
    box 2 5  2 0  1 0 1 0
     4*(-3+dim)*(6*u^2-u^2*dim)^(-1)
;
  box 3 7  4 0  1 1 2 0
   1
    box 2 5  2 0  1 0 1 0
     -2*u^(-2)*(-3+dim)
;
  box 3 7  4 1  2 1 1 -1
   1
    box 2 5  2 0  1 0 1 0
     -(6*u+u*dim^2-6*t-(5*u-2*t)*dim)*(4*u^2-u^2*dim)^(-1)
;
  box 3 7  4 1  1 2 1 -1
   1
    box 2 5  2 0  1 0 1 0
     2*(6*u+u*dim^2-12*t-(5*u-4*t)*dim)*(24*u^2+u^2*dim^2-10*u^2*dim)^(-1)
;
  box 3 7  4 1  1 1 2 -1
   1
    box 2 5  2 0  1 0 1 0
     -(6*u+u*dim^2-6*t-(5*u-2*t)*dim)*(4*u^2-u^2*dim)^(-1)
;
  box 3 7  4 2  2 1 1 -2
   1
    box 2 5  2 0  1 0 1 0
     1/2*(2*(2*u*t-u^2)*dim+8*t^2+u^2*dim^2)*(4*u^2-u^2*dim)^(-1)
;
  box 3 7  4 2  1 2 1 -2
   1
    box 2 5  2 0  1 0 1 0
     -(24*u^2+u^2*dim^2-10*u^2*dim)^(-1)*(2*(4*u*t-u^2)*dim+24*t^2+u^2*dim^2)
;
  box 3 7  4 2  1 1 2 -2
   1
    box 2 5  2 0  1 0 1 0
     1/2*(2*(2*u*t-u^2)*dim+8*t^2+u^2*dim^2)*(4*u^2-u^2*dim)^(-1)
;
  box 3 7  4 3  2 1 1 -3
   1
    box 2 5  2 0  1 0 1 0
     1/4*(8*u^2+u^2*dim^2-6*u^2*dim)^(-1)*(6*u^2*t*dim^2-4*(u^3-6*u*t^2-3*u^2*t)*dim+48*u*t^2+48*t^3+u^3*dim^3)
;
  box 3 7  4 3  1 2 1 -3
   1
    box 2 5  2 0  1 0 1 0
     -1/2*(12*u^2*t*dim^2+144*u*t^2+192*t^3-4*(u^3-18*u*t^2-6*u^2*t)*dim+u^3*dim^3)*(48*u^2-u^2*dim^3+12*u^2*dim^2-44*u^2*dim)^(-1)
;
  box 3 7  4 3  1 1 2 -3
   1
    box 2 5  2 0  1 0 1 0
     1/4*(8*u^2+u^2*dim^2-6*u^2*dim)^(-1)*(6*u^2*t*dim^2-4*(u^3-6*u*t^2-3*u^2*t)*dim+48*u*t^2+48*t^3+u^3*dim^3)
;
  box 3 7  4 4  2 1 1 -4
   1
    box 2 5  2 0  1 0 1 0
     1/8*(8*u^2-u^2*dim^3+7*u^2*dim^2-14*u^2*dim)^(-1)*(4*(12*u^3*t+12*u^2*t^2-u^4)*dim^2+4*(2*u^3*t+u^4)*dim^3+384*t^4+768*u*t^3+16*(12*u*t^3+4*u^3*t+18*u^2*t^2-u^4)*dim+384*u^2*t^2+u^4*dim^4)
;
  box 3 7  4 4  1 2 1 -4
   1
    box 2 5  2 0  1 0 1 0
     -1/4*(48*u^2+u^2*dim^4-13*u^2*dim^3+56*u^2*dim^2-92*u^2*dim)^(-1)*(16*(48*u*t^3+8*u^3*t+54*u^2*t^2-u^4)*dim+1920*t^4+3072*u*t^3+4*(4*u^3*t+u^4)*dim^3+1152*u^2*t^2+u^4*dim^4+4*(24*u^3*t+36*u^2*t^2-u^4)*dim^2)
;
  box 3 7  4 4  1 1 2 -4
   1
    box 2 5  2 0  1 0 1 0
     1/8*(8*u^2-u^2*dim^3+7*u^2*dim^2-14*u^2*dim)^(-1)*(4*(12*u^3*t+12*u^2*t^2-u^4)*dim^2+4*(2*u^3*t+u^4)*dim^3+384*t^4+768*u*t^3+16*(12*u*t^3+4*u^3*t+18*u^2*t^2-u^4)*dim+384*u^2*t^2+u^4*dim^4)
;
  box 3 7  4 5  1 1 2 -5
   1
    box 3 7  4 5  1 2 1 -5
     1
    box 3 7  4 5  2 1 1 -5
     1
    box 2 5  2 0  1 0 1 0
     1/8*(8*(160*u^4*t-240*u*t^4-480*u^2*t^3-80*u^3*t^2-13*u^5)*dim^2+480*(4*u^4*t-8*t^5-20*u*t^4-4*u^2*t^3+14*u^3*t^2-u^5)*dim+20*(2*u^4*t-24*u^2*t^3-36*u^3*t^2+7*u^5)*dim^3+11520*u*t^4+23040*u^2*t^3-u^5*dim^6-10*(8*u^4*t+8*u^3*t^2-3*u^5)*dim^4+11520*u^3*t^2-5*(2*u^4*t+u^5)*dim^5)*(13*u^2*dim^4-u^2*dim^5-56*u^2*dim^3+92*u^2*dim^2-48*u^2*dim)^(-1)
;
  box 3 7  5 0  3 1 1 0
   1
    box 2 5  2 0  1 0 1 0
     u^(-3)*(15+dim^2-8*dim)
;
  box 3 7  5 0  2 2 1 0
   1
    box 2 5  2 0  1 0 1 0
     -4*(6*u^3-u^3*dim)^(-1)*(15+dim^2-8*dim)
;
  box 3 7  5 0  2 1 2 0
   1
    box 2 5  2 0  1 0 1 0
     -2*(-120+dim^3-16*dim^2+79*dim)*(6*u^3-u^3*dim)^(-1)
;
  box 3 7  5 0  1 3 1 0
   1
    box 2 5  2 0  1 0 1 0
     8*(48*u^3-14*u^3*dim+u^3*dim^2)^(-1)*(15+dim^2-8*dim)
;
  box 3 7  5 0  1 2 2 0
   1
    box 2 5  2 0  1 0 1 0
     -4*(6*u^3-u^3*dim)^(-1)*(15+dim^2-8*dim)
;
  box 3 7  5 0  1 1 3 0
   1
    box 2 5  2 0  1 0 1 0
     u^(-3)*(15+dim^2-8*dim)
;
  box 3 7  5 1  3 1 1 -1
   1
    box 2 5  2 0  1 0 1 0
     -1/2*u^(-3)*(6*u+u*dim^2-6*t-(5*u-2*t)*dim)
;
  box 3 7  5 1  2 2 1 -1
   1
    box 2 5  2 0  1 0 1 0
     2*(6*u+u*dim^2-12*t-(5*u-4*t)*dim)*(6*u^3-u^3*dim)^(-1)
;
  box 3 7  5 1  2 1 2 -1
   1
    box 2 5  2 0  1 0 1 0
     -(6*u^3-u^3*dim)^(-1)*(60*u+(13*u-2*t)*dim^2-2*(25*u-11*t)*dim-u*dim^3-48*t)
;
  box 3 7  5 1  1 3 1 -1
   1
    box 2 5  2 0  1 0 1 0
     4*(48*u^3-14*u^3*dim+u^3*dim^2)^(-1)*((5*u-6*t)*dim-6*u-u*dim^2+18*t)
;
  box 3 7  5 1  1 2 2 -1
   1
    box 2 5  2 0  1 0 1 0
     2*(6*u+u*dim^2-12*t-(5*u-4*t)*dim)*(6*u^3-u^3*dim)^(-1)
;
  box 3 7  5 1  1 1 3 -1
   1
    box 2 5  2 0  1 0 1 0
     -1/2*u^(-3)*(6*u+u*dim^2-6*t-(5*u-2*t)*dim)
;
  box 3 7  5 2  3 1 1 -2
   1
    box 2 5  2 0  1 0 1 0
     -1/4*((4*u*t-5*u^2)*dim^2-2*(6*u*t-3*u^2-4*t^2)*dim+u^2*dim^3-24*t^2)*(4*u^3-u^3*dim)^(-1)
;
  box 3 7  5 2  2 2 1 -2
   1
    box 2 5  2 0  1 0 1 0
     -(6*(4*u*t-u^2-4*t^2)*dim-(8*u*t-5*u^2)*dim^2-u^2*dim^3+72*t^2)*(24*u^3-10*u^3*dim+u^3*dim^2)^(-1)
;
  box 3 7  5 2  2 1 2 -2
   1
    box 2 5  2 0  1 0 1 0
     -1/2*(48*u*t-48*u^2-u^2*dim^4+2*(22*u*t-27*u^2-4*t^2)*dim^2-192*t^2-(4*u*t-13*u^2)*dim^3-8*(14*u*t-11*u^2-11*t^2)*dim)*(24*u^3-10*u^3*dim+u^3*dim^2)^(-1)
;
  box 3 7  5 2  1 3 1 -2
   1
    box 2 5  2 0  1 0 1 0
     2*(6*(6*u*t-u^2-8*t^2)*dim-u^2*dim^3+144*t^2-(12*u*t-5*u^2)*dim^2)*(192*u^3-104*u^3*dim-u^3*dim^3+18*u^3*dim^2)^(-1)
;
  box 3 7  5 2  1 2 2 -2
   1
    box 2 5  2 0  1 0 1 0
     -(6*(4*u*t-u^2-4*t^2)*dim-(8*u*t-5*u^2)*dim^2-u^2*dim^3+72*t^2)*(24*u^3-10*u^3*dim+u^3*dim^2)^(-1)
;
  box 3 7  5 2  1 1 3 -2
   1
    box 2 5  2 0  1 0 1 0
     -1/4*((4*u*t-5*u^2)*dim^2-2*(6*u*t-3*u^2-4*t^2)*dim+u^2*dim^3-24*t^2)*(4*u^3-u^3*dim)^(-1)
;
  box 3 7  5 3  3 1 1 -3
   1
    box 2 5  2 0  1 0 1 0
     1/8*(6*u^2*t*dim^2-4*(u^3-6*u*t^2-3*u^2*t)*dim+48*u*t^2+48*t^3+u^3*dim^3)*(4*u^3-u^3*dim)^(-1)
;
  box 3 7  5 3  2 2 1 -3
   1
    box 2 5  2 0  1 0 1 0
     -1/2*(12*u^2*t*dim^2+144*u*t^2+192*t^3-4*(u^3-18*u*t^2-6*u^2*t)*dim+u^3*dim^3)*(24*u^3-10*u^3*dim+u^3*dim^2)^(-1)
;
  box 3 7  5 3  2 1 2 -3
   1
    box 2 5  2 0  1 0 1 0
     -1/4*(u^3*dim^4+8*(u^3-18*u*t^2+6*t^3-6*u^2*t)*dim-288*u*t^2-384*t^3-2*(4*u^3-3*u^2*t)*dim^3+4*(2*u^3+6*u*t^2-9*u^2*t)*dim^2)*(24*u^3-10*u^3*dim+u^3*dim^2)^(-1)
;
  box 3 7  5 3  1 3 1 -3
   1
    box 2 5  2 0  1 0 1 0
     (18*u^2*t*dim^2+288*u*t^2+480*t^3-4*(u^3-36*u*t^2-9*u^2*t)*dim+u^3*dim^3)*(192*u^3-104*u^3*dim-u^3*dim^3+18*u^3*dim^2)^(-1)
;
  box 3 7  5 3  1 2 2 -3
   1
    box 2 5  2 0  1 0 1 0
     -1/2*(12*u^2*t*dim^2+144*u*t^2+192*t^3-4*(u^3-18*u*t^2-6*u^2*t)*dim+u^3*dim^3)*(24*u^3-10*u^3*dim+u^3*dim^2)^(-1)
;
  box 3 7  5 3  1 1 3 -3
   1
    box 2 5  2 0  1 0 1 0
     1/8*(6*u^2*t*dim^2-4*(u^3-6*u*t^2-3*u^2*t)*dim+48*u*t^2+48*t^3+u^3*dim^3)*(4*u^3-u^3*dim)^(-1)
;
  box 3 7  5 4  3 1 1 -4
   1
    box 2 5  2 0  1 0 1 0
     1/16*(4*(12*u^3*t+12*u^2*t^2-u^4)*dim^2+4*(2*u^3*t+u^4)*dim^3+384*t^4+768*u*t^3+16*(12*u*t^3+4*u^3*t+18*u^2*t^2-u^4)*dim+384*u^2*t^2+u^4*dim^4)*(8*u^3-6*u^3*dim+u^3*dim^2)^(-1)
;
  box 3 7  5 4  2 2 1 -4
   1
    box 2 5  2 0  1 0 1 0
     -1/4*(16*(48*u*t^3+8*u^3*t+54*u^2*t^2-u^4)*dim+1920*t^4+3072*u*t^3+4*(4*u^3*t+u^4)*dim^3+1152*u^2*t^2+u^4*dim^4+4*(24*u^3*t+36*u^2*t^2-u^4)*dim^2)*(48*u^3-44*u^3*dim-u^3*dim^3+12*u^3*dim^2)^(-1)
;
  box 3 7  5 4  2 1 2 -4
   1
    box 2 5  2 0  1 0 1 0
     1/8*(3072*t^4+5376*u*t^3+2304*u^2*t^2-16*(12*u*t^3-14*u^3*t-6*u^2*t^2+u^4)*dim^2+4*(4*u^3*t-12*u^2*t^2+5*u^4)*dim^3-u^4*dim^5-64*(6*t^4-12*u*t^3-5*u^3*t-24*u^2*t^2+u^4)*dim-4*(2*u^3*t-u^4)*dim^4)*(48*u^3-44*u^3*dim-u^3*dim^3+12*u^3*dim^2)^(-1)
;
  box 3 7  5 4  1 3 1 -4
   1
    box 2 5  2 0  1 0 1 0
     1/2*(384*u^3+u^3*dim^4-400*u^3*dim-20*u^3*dim^3+140*u^3*dim^2)^(-1)*(5760*t^4+7680*u*t^3+4*(6*u^3*t+u^4)*dim^3+16*(120*u*t^3+12*u^3*t+108*u^2*t^2-u^4)*dim+4*(36*u^3*t+72*u^2*t^2-u^4)*dim^2+2304*u^2*t^2+u^4*dim^4)
;
  box 3 7  5 4  1 2 2 -4
   1
    box 2 5  2 0  1 0 1 0
     -1/4*(16*(48*u*t^3+8*u^3*t+54*u^2*t^2-u^4)*dim+1920*t^4+3072*u*t^3+4*(4*u^3*t+u^4)*dim^3+1152*u^2*t^2+u^4*dim^4+4*(24*u^3*t+36*u^2*t^2-u^4)*dim^2)*(48*u^3-44*u^3*dim-u^3*dim^3+12*u^3*dim^2)^(-1)
;
  box 3 7  5 4  1 1 3 -4
   1
    box 2 5  2 0  1 0 1 0
     1/16*(4*(12*u^3*t+12*u^2*t^2-u^4)*dim^2+4*(2*u^3*t+u^4)*dim^3+384*t^4+768*u*t^3+16*(12*u*t^3+4*u^3*t+18*u^2*t^2-u^4)*dim+384*u^2*t^2+u^4*dim^4)*(8*u^3-6*u^3*dim+u^3*dim^2)^(-1)
;
  box 3 7  5 5  2 1 2 -5
   1
    box 3 7  5 5  2 2 1 -5
     1
    box 3 7  5 5  3 1 1 -5
     2
    box 2 5  2 0  1 0 1 0
     -1/8*(48*u^3+u^3*dim^4-92*u^3*dim-13*u^3*dim^3+56*u^3*dim^2)^(-1)*(2*(5*u^4*t+2*u^5)*dim^5-40*(2*u^4*t-12*u^2*t^3-16*u^3*t^2+3*u^5)*dim^3-3840*t^5+10*(7*u^4*t+8*u^3*t^2-3*u^5)*dim^4-8*(155*u^4*t-240*u*t^4-420*u^2*t^3-20*u^3*t^2-13*u^5)*dim^2-19200*u*t^4-26880*u^2*t^3+u^5*dim^6-32*(55*u^4*t-120*t^5-240*u*t^4+30*u^2*t^3+230*u^3*t^2-13*u^5)*dim-11520*u^3*t^2)
;
  box 3 7  5 5  1 2 2 -5
   1
    box 3 7  5 5  1 3 1 -5
     2
    box 3 7  5 5  2 2 1 -5
     1
    box 3 7  5 0  1 3 1 0
     10*u^4*t+2*t^5+10*u*t^4+20*u^2*t^3+20*u^3*t^2+2*u^5
    box 2 5  2 0  1 0 1 0
     1/4*(4*(75*u^4*t+16*t^5+80*u*t^4+160*u^2*t^3+160*u^3*t^2+13*u^5)*dim^4-4*(635*u^4*t+112*t^5+560*u*t^4+1120*u^2*t^3+1180*u^3*t^2+126*u^5)*dim^3+4800*u^4*t-1920*t^5-9600*u*t^4-7680*u^2*t^3-16*(685*u^4*t-28*t^5+460*u*t^4+1520*u^2*t^3+1580*u^3*t^2+125*u^5)*dim+32*(225*u^4*t+58*t^5+290*u*t^4+520*u^2*t^3+460*u^3*t^2+49*u^5)*dim^2+3840*u^3*t^2-u^5*dim^5+960*u^5)*(48*u^3+u^3*dim^4-92*u^3*dim-13*u^3*dim^3+56*u^3*dim^2)^(-1)
;
  box 3 7  5 5  1 1 3 -5
   1
    box 3 7  5 5  1 3 1 -5
     -1
    box 3 7  5 5  2 2 1 -5
     -1
    box 3 7  5 5  3 1 1 -5
     -1
    box 3 7  5 0  1 3 1 0
     -5*u^4*t-t^5-5*u*t^4-10*u^2*t^3-10*u^3*t^2-u^5
    box 2 5  2 0  1 0 1 0
     -1/8*(4*(75*u^4*t+16*t^5+80*u*t^4+160*u^2*t^3+160*u^3*t^2+13*u^5)*dim^4-4*(635*u^4*t+112*t^5+560*u*t^4+1120*u^2*t^3+1180*u^3*t^2+126*u^5)*dim^3+4800*u^4*t-1920*t^5-9600*u*t^4-7680*u^2*t^3-16*(685*u^4*t-28*t^5+460*u*t^4+1520*u^2*t^3+1580*u^3*t^2+125*u^5)*dim+32*(225*u^4*t+58*t^5+290*u*t^4+520*u^2*t^3+460*u^3*t^2+49*u^5)*dim^2+3840*u^3*t^2-u^5*dim^5+960*u^5)*(48*u^3+u^3*dim^4-92*u^3*dim-13*u^3*dim^3+56*u^3*dim^2)^(-1)
;
  box 3 7  6 0  4 1 1 0
   1
    box 2 5  2 0  1 0 1 0
     -1/3*u^(-4)*(-90+dim^3-14*dim^2+63*dim)
;
  box 3 7  6 0  3 2 1 0
   1
    box 2 5  2 0  1 0 1 0
     -2*u^(-4)*(15+dim^2-8*dim)
;
  box 3 7  6 0  3 1 2 0
   1
    box 2 5  2 0  1 0 1 0
     -u^(-4)*(-150+dim^3-18*dim^2+95*dim)
;
  box 3 7  6 0  2 3 1 0
   1
    box 3 7  5 0  1 3 1 0
     2*u^(-1)
    box 2 5  2 0  1 0 1 0
     -8*(u^4*dim-6*u^4)^(-1)*(15+dim^2-8*dim)
;
  box 3 7  6 0  2 2 2 0
   1
    box 3 7  5 0  1 3 1 0
     -2*u^(-1)
    box 2 5  2 0  1 0 1 0
     -4*(u^4*dim-6*u^4)^(-1)*(-120+dim^3-16*dim^2+79*dim)
;
  box 3 7  6 0  2 1 3 0
   1
    box 2 5  2 0  1 0 1 0
     -u^(-4)*(-150+dim^3-18*dim^2+95*dim)
;
  box 3 7  6 0  1 3 2 0
   1
    box 3 7  5 0  1 3 1 0
     (-6+dim)*u^(-1)
;
  box 3 7  6 0  1 2 3 0
   1
    box 3 7  5 0  1 2 2 0
     1/2*(-6+dim)*u^(-1)
;
  box 3 7  6 0  1 2 3 0
   1
    box 3 7  5 0  1 1 3 0
     u^(-1)
    box 3 7  5 0  1 2 2 0
     1/2*u^(-1)
    box 3 7  5 0  2 1 2 0
     1/2*u^(-1)
;
  box 3 7  6 0  1 1 4 0
   1
    box 2 5  5 0  1 0 4 0
     u^(-1)
    box 2 5  5 0  2 0 3 0
     1/3*u^(-1)
;
  box 3 7  6 0  1 1 4 0
   1
    box 3 7  5 0  1 1 3 0
     1/3*(-6+dim)*u^(-1)
;
  box 3 7  6 1  4 1 1 -1
   1
    box 3 7  5 0  3 1 1 0
     -1/3*(u+t)*u^(-1)
    box 2 5  5 1  3 0 2 -1
     1/3*u^(-1)
    box 2 5  5 1  4 0 1 -1
     u^(-1)
    box 2 5  4 0  3 0 1 0
     -1/3*u^(-1)
;
  box 3 7  6 1  3 2 1 -1
   1
    box 3 7  5 1  2 1 2 -1
     1/2*u^(-1)
    box 3 7  5 1  2 2 1 -1
     1/2*u^(-1)
    box 3 7  5 1  3 1 1 -1
     u^(-1)
    box 3 7  5 0  2 2 1 0
     -1/2*(u+t)*u^(-1)
    box 3 7  4 0  2 1 1 0
     -1/2*u^(-1)
;
  box 3 7  6 1  3 1 2 -1
   1
    box 3 7  5 1  2 1 2 -1
     -u^(-1)
    box 3 7  5 1  2 2 1 -1
     -u^(-1)
    box 3 7  5 1  3 1 1 -1
     (-7+dim)*u^(-1)
    box 3 7  4 0  2 1 1 0
     u^(-1)
;
  box 3 7  6 1  3 1 2 -1
   1
    box 3 7  5 1  2 1 2 -1
     -u^(-1)
    box 3 7  5 1  2 2 1 -1
     -u^(-1)
    box 3 7  5 1  3 1 1 -1
     -2*u^(-1)
    box 3 7  5 0  3 1 1 0
     -(u+t)*u^(-1)
    box 3 7  4 0  2 1 1 0
     u^(-1)
    box 2 5  5 1  3 0 2 -1
     u^(-1)
    box 2 5  5 1  4 0 1 -1
     3*u^(-1)
    box 2 5  4 0  3 0 1 0
     -u^(-1)
;
  box 3 7  6 1  3 1 2 -1
   1
    box 3 7  5 1  2 1 2 -1
     -1/2*u^(-1)
    box 3 7  5 1  2 2 1 -1
     -1/2*u^(-1)
    box 3 7  5 1  3 1 1 -1
     -u^(-1)
    box 3 7  5 0  2 1 2 0
     -1/2*(u+t)*u^(-1)
    box 3 7  4 0  2 1 1 0
     1/2*u^(-1)
    box 2 5  5 1  2 0 3 -1
     u^(-1)
    box 2 5  5 1  3 0 2 -1
     u^(-1)
    box 2 5  4 0  2 0 2 0
     -1/2*u^(-1)
;
  box 3 7  6 1  3 1 2 -1
   1
    box 3 7  6 1  3 2 1 -1
     1
    box 3 7  6 1  4 1 1 -1
     3
    box 3 7  6 0  3 1 2 0
     u
    box 3 7  6 0  3 2 1 0
     u+t
    box 3 7  5 0  2 1 2 0
     -1
    box 3 7  5 0  2 2 1 0
     -1
    box 3 7  5 0  3 1 1 0
     -3
;
  box 3 7  6 1  2 3 1 -1
   1
    box 3 7  5 1  1 2 2 -1
     u^(-1)
    box 3 7  5 1  1 3 1 -1
     2*u^(-1)
    box 3 7  5 1  2 2 1 -1
     u^(-1)
    box 3 7  5 0  1 3 1 0
     -(u+t)*u^(-1)
    box 3 7  4 0  1 2 1 0
     -u^(-1)
;
  box 3 7  6 1  2 2 2 -1
   1
    box 3 7  5 1  1 2 2 -1
     -u^(-1)
    box 3 7  5 1  1 3 1 -1
     -2*u^(-1)
    box 3 7  5 1  2 2 1 -1
     (-6+dim)*u^(-1)
    box 3 7  4 0  1 2 1 0
     u^(-1)
;
  box 3 7  6 1  2 2 2 -1
   1
    box 3 7  5 1  1 2 2 -1
     -u^(-1)
    box 3 7  5 1  1 3 1 -1
     -2*u^(-1)
    box 3 7  5 1  2 1 2 -1
     u^(-1)
    box 3 7  5 1  3 1 1 -1
     2*u^(-1)
    box 3 7  5 0  2 2 1 0
     -(u+t)*u^(-1)
    box 3 7  4 0  1 2 1 0
     u^(-1)
    box 3 7  4 0  2 1 1 0
     -u^(-1)
;
  box 3 7  6 1  2 2 2 -1
   1
    box 3 7  5 1  1 1 3 -1
     2*u^(-1)
    box 3 7  5 1  1 3 1 -1
     -2*u^(-1)
    box 3 7  5 1  2 1 2 -1
     u^(-1)
    box 3 7  5 1  2 2 1 -1
     -u^(-1)
    box 3 7  5 0  1 2 2 0
     -(u+t)*u^(-1)
    box 3 7  4 0  1 1 2 0
     -u^(-1)
    box 3 7  4 0  1 2 1 0
     u^(-1)
;
  box 3 7  6 1  2 2 2 -1
   1
    box 3 7  6 1  2 3 1 -1
     2
    box 3 7  6 1  3 2 1 -1
     2
    box 3 7  6 0  2 2 2 0
     u
    box 3 7  6 0  2 3 1 0
     2*u+2*t
    box 3 7  5 0  1 2 2 0
     -1
    box 3 7  5 0  1 3 1 0
     -2
    box 3 7  5 0  2 2 1 0
     -2
;
  box 3 7  6 1  2 1 3 -1
   1
    box 3 7  5 1  1 1 3 -1
     -u^(-1)
    box 3 7  5 1  1 2 2 -1
     -1/2*u^(-1)
    box 3 7  5 1  2 1 2 -1
     1/2*(-6+dim)*u^(-1)
    box 3 7  4 0  1 1 2 0
     1/2*u^(-1)
;
  box 3 7  6 1  2 1 3 -1
   1
    box 3 7  5 1  1 1 3 -1
     -u^(-1)
    box 3 7  5 1  1 2 2 -1
     -1/2*u^(-1)
    box 3 7  5 1  2 1 2 -1
     -1/2*u^(-1)
    box 3 7  5 0  2 1 2 0
     -1/2*(u+t)*u^(-1)
    box 3 7  4 0  1 1 2 0
     1/2*u^(-1)
    box 2 5  5 1  2 0 3 -1
     u^(-1)
    box 2 5  5 1  3 0 2 -1
     u^(-1)
    box 2 5  4 0  2 0 2 0
     -1/2*u^(-1)
;
  box 3 7  6 1  2 1 3 -1
   1
    box 3 7  5 1  1 1 3 -1
     -2*u^(-1)
    box 3 7  5 1  1 2 2 -1
     -u^(-1)
    box 3 7  5 1  2 1 2 -1
     -u^(-1)
    box 3 7  5 0  1 1 3 0
     -(u+t)*u^(-1)
    box 3 7  4 0  1 1 2 0
     u^(-1)
    box 2 5  5 1  1 0 4 -1
     3*u^(-1)
    box 2 5  5 1  2 0 3 -1
     u^(-1)
    box 2 5  4 0  1 0 3 0
     -u^(-1)
;
  box 3 7  6 1  2 1 3 -1
   1
    box 3 7  6 1  2 2 2 -1
     1/2
    box 3 7  6 1  3 1 2 -1
     1
    box 3 7  6 0  2 1 3 0
     u
    box 3 7  6 0  2 2 2 0
     1/2*u+1/2*t
    box 3 7  5 0  1 1 3 0
     -1
    box 3 7  5 0  1 2 2 0
     -1/2
    box 3 7  5 0  2 1 2 0
     -1
;
  box 3 7  6 1  1 3 2 -1
   1
    box 3 7  5 1  1 3 1 -1
     (-5+dim)*u^(-1)
;
  box 3 7  6 1  1 3 2 -1
   1
    box 3 7  5 1  1 2 2 -1
     u^(-1)
    box 3 7  5 1  1 3 1 -1
     2*u^(-1)
    box 3 7  5 1  2 2 1 -1
     u^(-1)
    box 3 7  5 0  1 3 1 0
     -(u+t)*u^(-1)
    box 3 7  4 0  1 2 1 0
     -u^(-1)
;
  box 3 7  6 1  1 3 2 -1
   1
    box 3 7  6 1  1 4 1 -1
     3
    box 3 7  6 1  2 3 1 -1
     1
    box 3 7  6 0  1 3 2 0
     u
    box 3 7  6 0  1 4 1 0
     3*u+3*t
    box 3 7  5 0  1 3 1 0
     -1
;
  box 3 7  6 1  1 2 3 -1
   1
    box 3 7  5 1  1 2 2 -1
     1/2*(-5+dim)*u^(-1)
;
  box 3 7  6 1  1 2 3 -1
   1
    box 3 7  5 1  1 1 3 -1
     u^(-1)
    box 3 7  5 1  1 2 2 -1
     1/2*u^(-1)
    box 3 7  5 1  2 1 2 -1
     1/2*u^(-1)
    box 3 7  5 0  1 2 2 0
     -1/2*(u+t)*u^(-1)
    box 3 7  4 0  1 1 2 0
     -1/2*u^(-1)
;
  box 3 7  6 1  1 2 3 -1
   1
    box 3 7  6 1  1 3 2 -1
     1
    box 3 7  6 1  2 2 2 -1
     1/2
    box 3 7  6 0  1 2 3 0
     u
    box 3 7  6 0  1 3 2 0
     u+t
    box 3 7  5 0  1 2 2 0
     -1/2
;
  box 3 7  6 1  1 1 4 -1
   1
    box 3 7  5 0  1 1 3 0
     -1/3*(u+t)*u^(-1)
    box 2 5  5 1  1 0 4 -1
     u^(-1)
    box 2 5  5 1  2 0 3 -1
     1/3*u^(-1)
    box 2 5  4 0  1 0 3 0
     -1/3*u^(-1)
;
  box 3 7  6 1  1 1 4 -1
   1
    box 3 7  5 1  1 1 3 -1
     1/3*(-5+dim)*u^(-1)
;
  box 3 7  6 1  1 1 4 -1
   1
    box 3 7  6 1  1 2 3 -1
     1/3
    box 3 7  6 1  2 1 3 -1
     1/3
    box 3 7  6 0  1 1 4 0
     u
    box 3 7  6 0  1 2 3 0
     1/3*u+1/3*t
    box 3 7  5 0  1 1 3 0
     -1/3
;
  box 3 7  6 2  4 1 1 -2
   1
    box 3 7  5 1  3 1 1 -1
     -2/3*(u+t)*u^(-1)
    box 2 5  5 2  3 0 2 -2
     1/3*u^(-1)
    box 2 5  5 2  4 0 1 -2
     u^(-1)
    box 2 5  4 1  3 0 1 -1
     -2/3*u^(-1)
;
  box 3 7  6 2  3 2 1 -2
   1
    box 3 7  5 2  2 1 2 -2
     1/2*u^(-1)
    box 3 7  5 2  2 2 1 -2
     1/2*u^(-1)
    box 3 7  5 2  3 1 1 -2
     u^(-1)
    box 3 7  5 1  2 2 1 -1
     -(u+t)*u^(-1)
    box 3 7  4 1  2 1 1 -1
     -u^(-1)
;
  box 3 7  6 2  3 1 2 -2
   1
    box 3 7  5 2  2 1 2 -2
     -u^(-1)
    box 3 7  5 2  2 2 1 -2
     -u^(-1)
    box 3 7  5 2  3 1 1 -2
     (-6+dim)*u^(-1)
    box 3 7  4 1  2 1 1 -1
     2*u^(-1)
;
  box 3 7  6 2  3 1 2 -2
   1
    box 3 7  5 2  2 1 2 -2
     -u^(-1)
    box 3 7  5 2  2 2 1 -2
     -u^(-1)
    box 3 7  5 2  3 1 1 -2
     -2*u^(-1)
    box 3 7  5 1  3 1 1 -1
     -2*(u+t)*u^(-1)
    box 3 7  4 1  2 1 1 -1
     2*u^(-1)
    box 2 5  5 2  3 0 2 -2
     u^(-1)
    box 2 5  5 2  4 0 1 -2
     3*u^(-1)
    box 2 5  4 1  3 0 1 -1
     -2*u^(-1)
;
  box 3 7  6 2  3 1 2 -2
   1
    box 3 7  5 2  2 1 2 -2
     -1/2*u^(-1)
    box 3 7  5 2  2 2 1 -2
     -1/2*u^(-1)
    box 3 7  5 2  3 1 1 -2
     -u^(-1)
    box 3 7  5 1  2 1 2 -1
     -(u+t)*u^(-1)
    box 3 7  4 1  2 1 1 -1
     u^(-1)
    box 2 5  5 2  2 0 3 -2
     u^(-1)
    box 2 5  5 2  3 0 2 -2
     u^(-1)
    box 2 5  4 1  2 0 2 -1
     -u^(-1)
;
  box 3 7  6 2  3 1 2 -2
   1
    box 3 7  6 2  3 2 1 -2
     1
    box 3 7  6 2  4 1 1 -2
     3
    box 3 7  6 1  3 1 2 -1
     u
    box 3 7  6 1  3 2 1 -1
     u+t
    box 3 7  5 1  2 1 2 -1
     -1
    box 3 7  5 1  2 2 1 -1
     -1
    box 3 7  5 1  3 1 1 -1
     -4
    box 3 7  4 0  2 1 1 0
     1
;
  box 3 7  6 2  2 3 1 -2
   1
    box 3 7  5 2  1 2 2 -2
     u^(-1)
    box 3 7  5 2  1 3 1 -2
     2*u^(-1)
    box 3 7  5 2  2 2 1 -2
     u^(-1)
    box 3 7  5 1  1 3 1 -1
     -2*(u+t)*u^(-1)
    box 3 7  4 1  1 2 1 -1
     -2*u^(-1)
;
  box 3 7  6 2  2 2 2 -2
   1
    box 3 7  5 2  1 2 2 -2
     -u^(-1)
    box 3 7  5 2  1 3 1 -2
     -2*u^(-1)
    box 3 7  5 2  2 2 1 -2
     (-5+dim)*u^(-1)
    box 3 7  4 1  1 2 1 -1
     2*u^(-1)
;
  box 3 7  6 2  2 2 2 -2
   1
    box 3 7  5 2  1 2 2 -2
     -u^(-1)
    box 3 7  5 2  1 3 1 -2
     -2*u^(-1)
    box 3 7  5 2  2 1 2 -2
     u^(-1)
    box 3 7  5 2  3 1 1 -2
     2*u^(-1)
    box 3 7  5 1  2 2 1 -1
     -2*(u+t)*u^(-1)
    box 3 7  4 1  1 2 1 -1
     2*u^(-1)
    box 3 7  4 1  2 1 1 -1
     -2*u^(-1)
;
  box 3 7  6 2  2 2 2 -2
   1
    box 3 7  5 2  1 1 3 -2
     2*u^(-1)
    box 3 7  5 2  1 3 1 -2
     -2*u^(-1)
    box 3 7  5 2  2 1 2 -2
     u^(-1)
    box 3 7  5 2  2 2 1 -2
     -u^(-1)
    box 3 7  5 1  1 2 2 -1
     -2*(u+t)*u^(-1)
    box 3 7  4 1  1 1 2 -1
     -2*u^(-1)
    box 3 7  4 1  1 2 1 -1
     2*u^(-1)
;
  box 3 7  6 2  2 2 2 -2
   1
    box 3 7  6 2  2 3 1 -2
     2
    box 3 7  6 2  3 2 1 -2
     2
    box 3 7  6 1  2 2 2 -1
     u
    box 3 7  6 1  2 3 1 -1
     2*u+2*t
    box 3 7  5 1  1 2 2 -1
     -1
    box 3 7  5 1  1 3 1 -1
     -2
    box 3 7  5 1  2 2 1 -1
     -3
    box 3 7  4 0  1 2 1 0
     1
;
  box 3 7  6 2  2 1 3 -2
   1
    box 3 7  5 2  1 1 3 -2
     -u^(-1)
    box 3 7  5 2  1 2 2 -2
     -1/2*u^(-1)
    box 3 7  5 2  2 1 2 -2
     1/2*(-5+dim)*u^(-1)
    box 3 7  4 1  1 1 2 -1
     u^(-1)
;
  box 3 7  6 2  2 1 3 -2
   1
    box 3 7  5 2  1 1 3 -2
     -u^(-1)
    box 3 7  5 2  1 2 2 -2
     -1/2*u^(-1)
    box 3 7  5 2  2 1 2 -2
     -1/2*u^(-1)
    box 3 7  5 1  2 1 2 -1
     -(u+t)*u^(-1)
    box 3 7  4 1  1 1 2 -1
     u^(-1)
    box 2 5  5 2  2 0 3 -2
     u^(-1)
    box 2 5  5 2  3 0 2 -2
     u^(-1)
    box 2 5  4 1  2 0 2 -1
     -u^(-1)
;
  box 3 7  6 2  2 1 3 -2
   1
    box 3 7  5 2  1 1 3 -2
     -2*u^(-1)
    box 3 7  5 2  1 2 2 -2
     -u^(-1)
    box 3 7  5 2  2 1 2 -2
     -u^(-1)
    box 3 7  5 1  1 1 3 -1
     -2*(u+t)*u^(-1)
    box 3 7  4 1  1 1 2 -1
     2*u^(-1)
    box 2 5  5 2  1 0 4 -2
     3*u^(-1)
    box 2 5  5 2  2 0 3 -2
     u^(-1)
    box 2 5  4 1  1 0 3 -1
     -2*u^(-1)
;
  box 3 7  6 2  2 1 3 -2
   1
    box 3 7  6 2  2 2 2 -2
     1/2
    box 3 7  6 2  3 1 2 -2
     1
    box 3 7  6 1  2 1 3 -1
     u
    box 3 7  6 1  2 2 2 -1
     1/2*u+1/2*t
    box 3 7  5 1  1 1 3 -1
     -1
    box 3 7  5 1  1 2 2 -1
     -1/2
    box 3 7  5 1  2 1 2 -1
     -3/2
    box 3 7  4 0  1 1 2 0
     1/2
;
  box 3 7  6 2  1 3 2 -2
   1
    box 3 7  5 2  1 3 1 -2
     (-4+dim)*u^(-1)
;
  box 3 7  6 2  1 3 2 -2
   1
    box 3 7  5 2  1 2 2 -2
     u^(-1)
    box 3 7  5 2  1 3 1 -2
     2*u^(-1)
    box 3 7  5 2  2 2 1 -2
     u^(-1)
    box 3 7  5 1  1 3 1 -1
     -2*(u+t)*u^(-1)
    box 3 7  4 1  1 2 1 -1
     -2*u^(-1)
;
  box 3 7  6 2  1 3 2 -2
   1
    box 3 7  6 2  1 4 1 -2
     3
    box 3 7  6 2  2 3 1 -2
     1
    box 3 7  6 1  1 3 2 -1
     u
    box 3 7  6 1  1 4 1 -1
     3*u+3*t
    box 3 7  5 1  1 3 1 -1
     -2
;
  box 3 7  6 2  1 2 3 -2
   1
    box 3 7  5 2  1 2 2 -2
     1/2*(-4+dim)*u^(-1)
;
  box 3 7  6 2  1 2 3 -2
   1
    box 3 7  5 2  1 1 3 -2
     u^(-1)
    box 3 7  5 2  1 2 2 -2
     1/2*u^(-1)
    box 3 7  5 2  2 1 2 -2
     1/2*u^(-1)
    box 3 7  5 1  1 2 2 -1
     -(u+t)*u^(-1)
    box 3 7  4 1  1 1 2 -1
     -u^(-1)
;
  box 3 7  6 2  1 2 3 -2
   1
    box 3 7  6 2  1 3 2 -2
     1
    box 3 7  6 2  2 2 2 -2
     1/2
    box 3 7  6 1  1 2 3 -1
     u
    box 3 7  6 1  1 3 2 -1
     u+t
    box 3 7  5 1  1 2 2 -1
     -1
;
  box 3 7  6 2  1 1 4 -2
   1
    box 3 7  5 1  1 1 3 -1
     -2/3*(u+t)*u^(-1)
    box 2 5  5 2  1 0 4 -2
     u^(-1)
    box 2 5  5 2  2 0 3 -2
     1/3*u^(-1)
    box 2 5  4 1  1 0 3 -1
     -2/3*u^(-1)
;
  box 3 7  6 2  1 1 4 -2
   1
    box 3 7  5 2  1 1 3 -2
     1/3*(-4+dim)*u^(-1)
;
  box 3 7  6 2  1 1 4 -2
   1
    box 3 7  6 2  1 2 3 -2
     1/3
    box 3 7  6 2  2 1 3 -2
     1/3
    box 3 7  6 1  1 1 4 -1
     u
    box 3 7  6 1  1 2 3 -1
     1/3*u+1/3*t
    box 3 7  5 1  1 1 3 -1
     -2/3
;
  box 3 7  6 3  4 1 1 -3
   1
    box 3 7  5 2  3 1 1 -2
     -(u+t)*u^(-1)
    box 2 5  5 3  3 0 2 -3
     1/3*u^(-1)
    box 2 5  5 3  4 0 1 -3
     u^(-1)
    box 2 5  4 2  3 0 1 -2
     -u^(-1)
;
  box 3 7  6 3  3 2 1 -3
   1
    box 3 7  5 3  2 1 2 -3
     1/2*u^(-1)
    box 3 7  5 3  2 2 1 -3
     1/2*u^(-1)
    box 3 7  5 3  3 1 1 -3
     u^(-1)
    box 3 7  5 2  2 2 1 -2
     -3/2*(u+t)*u^(-1)
    box 3 7  4 2  2 1 1 -2
     -3/2*u^(-1)
;
  box 3 7  6 3  3 1 2 -3
   1
    box 3 7  5 3  2 1 2 -3
     -u^(-1)
    box 3 7  5 3  2 2 1 -3
     -u^(-1)
    box 3 7  5 3  3 1 1 -3
     (-5+dim)*u^(-1)
    box 3 7  4 2  2 1 1 -2
     3*u^(-1)
;
  box 3 7  6 3  3 1 2 -3
   1
    box 3 7  5 3  2 1 2 -3
     -u^(-1)
    box 3 7  5 3  2 2 1 -3
     -u^(-1)
    box 3 7  5 3  3 1 1 -3
     -2*u^(-1)
    box 3 7  5 2  3 1 1 -2
     -3*(u+t)*u^(-1)
    box 3 7  4 2  2 1 1 -2
     3*u^(-1)
    box 2 5  5 3  3 0 2 -3
     u^(-1)
    box 2 5  5 3  4 0 1 -3
     3*u^(-1)
    box 2 5  4 2  3 0 1 -2
     -3*u^(-1)
;
  box 3 7  6 3  3 1 2 -3
   1
    box 3 7  5 3  2 1 2 -3
     -1/2*u^(-1)
    box 3 7  5 3  2 2 1 -3
     -1/2*u^(-1)
    box 3 7  5 3  3 1 1 -3
     -u^(-1)
    box 3 7  5 2  2 1 2 -2
     -3/2*(u+t)*u^(-1)
    box 3 7  4 2  2 1 1 -2
     3/2*u^(-1)
    box 2 5  5 3  2 0 3 -3
     u^(-1)
    box 2 5  5 3  3 0 2 -3
     u^(-1)
    box 2 5  4 2  2 0 2 -2
     -3/2*u^(-1)
;
  box 3 7  6 3  3 1 2 -3
   1
    box 3 7  6 3  3 2 1 -3
     1
    box 3 7  6 3  4 1 1 -3
     3
    box 3 7  6 2  3 1 2 -2
     u
    box 3 7  6 2  3 2 1 -2
     u+t
    box 3 7  5 2  2 1 2 -2
     -1
    box 3 7  5 2  2 2 1 -2
     -1
    box 3 7  5 2  3 1 1 -2
     -5
    box 3 7  4 1  2 1 1 -1
     2
;
  box 3 7  6 3  2 3 1 -3
   1
    box 3 7  5 3  1 2 2 -3
     u^(-1)
    box 3 7  5 3  1 3 1 -3
     2*u^(-1)
    box 3 7  5 3  2 2 1 -3
     u^(-1)
    box 3 7  5 2  1 3 1 -2
     -3*(u+t)*u^(-1)
    box 3 7  4 2  1 2 1 -2
     -3*u^(-1)
;
  box 3 7  6 3  2 2 2 -3
   1
    box 3 7  5 3  1 2 2 -3
     -u^(-1)
    box 3 7  5 3  1 3 1 -3
     -2*u^(-1)
    box 3 7  5 3  2 2 1 -3
     (-4+dim)*u^(-1)
    box 3 7  4 2  1 2 1 -2
     3*u^(-1)
;
  box 3 7  6 3  2 2 2 -3
   1
    box 3 7  5 3  1 2 2 -3
     -u^(-1)
    box 3 7  5 3  1 3 1 -3
     -2*u^(-1)
    box 3 7  5 3  2 1 2 -3
     u^(-1)
    box 3 7  5 3  3 1 1 -3
     2*u^(-1)
    box 3 7  5 2  2 2 1 -2
     -3*(u+t)*u^(-1)
    box 3 7  4 2  1 2 1 -2
     3*u^(-1)
    box 3 7  4 2  2 1 1 -2
     -3*u^(-1)
;
  box 3 7  6 3  2 2 2 -3
   1
    box 3 7  5 3  1 1 3 -3
     2*u^(-1)
    box 3 7  5 3  1 3 1 -3
     -2*u^(-1)
    box 3 7  5 3  2 1 2 -3
     u^(-1)
    box 3 7  5 3  2 2 1 -3
     -u^(-1)
    box 3 7  5 2  1 2 2 -2
     -3*(u+t)*u^(-1)
    box 3 7  4 2  1 1 2 -2
     -3*u^(-1)
    box 3 7  4 2  1 2 1 -2
     3*u^(-1)
;
  box 3 7  6 3  2 2 2 -3
   1
    box 3 7  6 3  2 3 1 -3
     2
    box 3 7  6 3  3 2 1 -3
     2
    box 3 7  6 2  2 2 2 -2
     u
    box 3 7  6 2  2 3 1 -2
     2*u+2*t
    box 3 7  5 2  1 2 2 -2
     -1
    box 3 7  5 2  1 3 1 -2
     -2
    box 3 7  5 2  2 2 1 -2
     -4
    box 3 7  4 1  1 2 1 -1
     2
;
  box 3 7  6 3  2 1 3 -3
   1
    box 3 7  5 3  1 1 3 -3
     -u^(-1)
    box 3 7  5 3  1 2 2 -3
     -1/2*u^(-1)
    box 3 7  5 3  2 1 2 -3
     1/2*(-4+dim)*u^(-1)
    box 3 7  4 2  1 1 2 -2
     3/2*u^(-1)
;
  box 3 7  6 3  2 1 3 -3
   1
    box 3 7  5 3  1 1 3 -3
     -u^(-1)
    box 3 7  5 3  1 2 2 -3
     -1/2*u^(-1)
    box 3 7  5 3  2 1 2 -3
     -1/2*u^(-1)
    box 3 7  5 2  2 1 2 -2
     -3/2*(u+t)*u^(-1)
    box 3 7  4 2  1 1 2 -2
     3/2*u^(-1)
    box 2 5  5 3  2 0 3 -3
     u^(-1)
    box 2 5  5 3  3 0 2 -3
     u^(-1)
    box 2 5  4 2  2 0 2 -2
     -3/2*u^(-1)
;
  box 3 7  6 3  2 1 3 -3
   1
    box 3 7  5 3  1 1 3 -3
     -2*u^(-1)
    box 3 7  5 3  1 2 2 -3
     -u^(-1)
    box 3 7  5 3  2 1 2 -3
     -u^(-1)
    box 3 7  5 2  1 1 3 -2
     -3*(u+t)*u^(-1)
    box 3 7  4 2  1 1 2 -2
     3*u^(-1)
    box 2 5  5 3  1 0 4 -3
     3*u^(-1)
    box 2 5  5 3  2 0 3 -3
     u^(-1)
    box 2 5  4 2  1 0 3 -2
     -3*u^(-1)
;
  box 3 7  6 3  2 1 3 -3
   1
    box 3 7  6 3  2 2 2 -3
     1/2
    box 3 7  6 3  3 1 2 -3
     1
    box 3 7  6 2  2 1 3 -2
     u
    box 3 7  6 2  2 2 2 -2
     1/2*u+1/2*t
    box 3 7  5 2  1 1 3 -2
     -1
    box 3 7  5 2  1 2 2 -2
     -1/2
    box 3 7  5 2  2 1 2 -2
     -2
    box 3 7  4 1  1 1 2 -1
     1
;
  box 3 7  6 3  1 3 2 -3
   1
    box 3 7  5 3  1 3 1 -3
     u^(-1)*(-3+dim)
;
  box 3 7  6 3  1 3 2 -3
   1
    box 3 7  5 3  1 2 2 -3
     u^(-1)
    box 3 7  5 3  1 3 1 -3
     2*u^(-1)
    box 3 7  5 3  2 2 1 -3
     u^(-1)
    box 3 7  5 2  1 3 1 -2
     -3*(u+t)*u^(-1)
    box 3 7  4 2  1 2 1 -2
     -3*u^(-1)
;
  box 3 7  6 3  1 3 2 -3
   1
    box 3 7  6 3  1 4 1 -3
     3
    box 3 7  6 3  2 3 1 -3
     1
    box 3 7  6 2  1 3 2 -2
     u
    box 3 7  6 2  1 4 1 -2
     3*u+3*t
    box 3 7  5 2  1 3 1 -2
     -3
;
  box 3 7  6 3  1 2 3 -3
   1
    box 3 7  5 3  1 2 2 -3
     1/2*u^(-1)*(-3+dim)
;
  box 3 7  6 3  1 2 3 -3
   1
    box 3 7  5 3  1 1 3 -3
     u^(-1)
    box 3 7  5 3  1 2 2 -3
     1/2*u^(-1)
    box 3 7  5 3  2 1 2 -3
     1/2*u^(-1)
    box 3 7  5 2  1 2 2 -2
     -3/2*(u+t)*u^(-1)
    box 3 7  4 2  1 1 2 -2
     -3/2*u^(-1)
;
  box 3 7  6 3  1 2 3 -3
   1
    box 3 7  6 3  1 3 2 -3
     1
    box 3 7  6 3  2 2 2 -3
     1/2
    box 3 7  6 2  1 2 3 -2
     u
    box 3 7  6 2  1 3 2 -2
     u+t
    box 3 7  5 2  1 2 2 -2
     -3/2
;
  box 3 7  6 3  1 1 4 -3
   1
    box 3 7  5 2  1 1 3 -2
     -(u+t)*u^(-1)
    box 2 5  5 3  1 0 4 -3
     u^(-1)
    box 2 5  5 3  2 0 3 -3
     1/3*u^(-1)
    box 2 5  4 2  1 0 3 -2
     -u^(-1)
;
  box 3 7  6 3  1 1 4 -3
   1
    box 3 7  5 3  1 1 3 -3
     1/3*u^(-1)*(-3+dim)
;
  box 3 7  6 3  1 1 4 -3
   1
    box 3 7  6 3  1 2 3 -3
     1/3
    box 3 7  6 3  2 1 3 -3
     1/3
    box 3 7  6 2  1 1 4 -2
     u
    box 3 7  6 2  1 2 3 -2
     1/3*u+1/3*t
    box 3 7  5 2  1 1 3 -2
     -1
;
  box 3 7  6 4  4 1 1 -4
   1
    box 3 7  5 3  3 1 1 -3
     -4/3*(u+t)*u^(-1)
    box 2 5  5 4  3 0 2 -4
     1/3*u^(-1)
    box 2 5  5 4  4 0 1 -4
     u^(-1)
    box 2 5  4 3  3 0 1 -3
     -4/3*u^(-1)
;
  box 3 7  6 4  3 2 1 -4
   1
    box 3 7  5 4  2 1 2 -4
     1/2*u^(-1)
    box 3 7  5 4  2 2 1 -4
     1/2*u^(-1)
    box 3 7  5 4  3 1 1 -4
     u^(-1)
    box 3 7  5 3  2 2 1 -3
     -2*(u+t)*u^(-1)
    box 3 7  4 3  2 1 1 -3
     -2*u^(-1)
;
  box 3 7  6 4  3 1 2 -4
   1
    box 3 7  5 4  2 1 2 -4
     -u^(-1)
    box 3 7  5 4  2 2 1 -4
     -u^(-1)
    box 3 7  5 4  3 1 1 -4
     (-4+dim)*u^(-1)
    box 3 7  4 3  2 1 1 -3
     4*u^(-1)
;
  box 3 7  6 4  3 1 2 -4
   1
    box 3 7  5 4  2 1 2 -4
     -u^(-1)
    box 3 7  5 4  2 2 1 -4
     -u^(-1)
    box 3 7  5 4  3 1 1 -4
     -2*u^(-1)
    box 3 7  5 3  3 1 1 -3
     -4*(u+t)*u^(-1)
    box 3 7  4 3  2 1 1 -3
     4*u^(-1)
    box 2 5  5 4  3 0 2 -4
     u^(-1)
    box 2 5  5 4  4 0 1 -4
     3*u^(-1)
    box 2 5  4 3  3 0 1 -3
     -4*u^(-1)
;
  box 3 7  6 4  3 1 2 -4
   1
    box 3 7  5 4  2 1 2 -4
     -1/2*u^(-1)
    box 3 7  5 4  2 2 1 -4
     -1/2*u^(-1)
    box 3 7  5 4  3 1 1 -4
     -u^(-1)
    box 3 7  5 3  2 1 2 -3
     -2*(u+t)*u^(-1)
    box 3 7  4 3  2 1 1 -3
     2*u^(-1)
    box 2 5  5 4  2 0 3 -4
     u^(-1)
    box 2 5  5 4  3 0 2 -4
     u^(-1)
    box 2 5  4 3  2 0 2 -3
     -2*u^(-1)
;
  box 3 7  6 4  3 1 2 -4
   1
    box 3 7  6 4  3 2 1 -4
     1
    box 3 7  6 4  4 1 1 -4
     3
    box 3 7  6 3  3 1 2 -3
     u
    box 3 7  6 3  3 2 1 -3
     u+t
    box 3 7  5 3  2 1 2 -3
     -1
    box 3 7  5 3  2 2 1 -3
     -1
    box 3 7  5 3  3 1 1 -3
     -6
    box 3 7  4 2  2 1 1 -2
     3
;
  box 3 7  6 4  2 3 1 -4
   1
    box 3 7  5 4  1 2 2 -4
     u^(-1)
    box 3 7  5 4  1 3 1 -4
     2*u^(-1)
    box 3 7  5 4  2 2 1 -4
     u^(-1)
    box 3 7  5 3  1 3 1 -3
     -4*(u+t)*u^(-1)
    box 3 7  4 3  1 2 1 -3
     -4*u^(-1)
;
  box 3 7  6 4  2 2 2 -4
   1
    box 3 7  5 4  1 2 2 -4
     -u^(-1)
    box 3 7  5 4  1 3 1 -4
     -2*u^(-1)
    box 3 7  5 4  2 2 1 -4
     u^(-1)*(-3+dim)
    box 3 7  4 3  1 2 1 -3
     4*u^(-1)
;
  box 3 7  6 4  2 2 2 -4
   1
    box 3 7  5 4  1 2 2 -4
     -u^(-1)
    box 3 7  5 4  1 3 1 -4
     -2*u^(-1)
    box 3 7  5 4  2 1 2 -4
     u^(-1)
    box 3 7  5 4  3 1 1 -4
     2*u^(-1)
    box 3 7  5 3  2 2 1 -3
     -4*(u+t)*u^(-1)
    box 3 7  4 3  1 2 1 -3
     4*u^(-1)
    box 3 7  4 3  2 1 1 -3
     -4*u^(-1)
;
  box 3 7  6 4  2 2 2 -4
   1
    box 3 7  5 4  1 1 3 -4
     2*u^(-1)
    box 3 7  5 4  1 3 1 -4
     -2*u^(-1)
    box 3 7  5 4  2 1 2 -4
     u^(-1)
    box 3 7  5 4  2 2 1 -4
     -u^(-1)
    box 3 7  5 3  1 2 2 -3
     -4*(u+t)*u^(-1)
    box 3 7  4 3  1 1 2 -3
     -4*u^(-1)
    box 3 7  4 3  1 2 1 -3
     4*u^(-1)
;
  box 3 7  6 4  2 2 2 -4
   1
    box 3 7  6 4  2 3 1 -4
     2
    box 3 7  6 4  3 2 1 -4
     2
    box 3 7  6 3  2 2 2 -3
     u
    box 3 7  6 3  2 3 1 -3
     2*u+2*t
    box 3 7  5 3  1 2 2 -3
     -1
    box 3 7  5 3  1 3 1 -3
     -2
    box 3 7  5 3  2 2 1 -3
     -5
    box 3 7  4 2  1 2 1 -2
     3
;
  box 3 7  6 4  2 1 3 -4
   1
    box 3 7  5 4  1 1 3 -4
     -u^(-1)
    box 3 7  5 4  1 2 2 -4
     -1/2*u^(-1)
    box 3 7  5 4  2 1 2 -4
     1/2*u^(-1)*(-3+dim)
    box 3 7  4 3  1 1 2 -3
     2*u^(-1)
;
  box 3 7  6 4  2 1 3 -4
   1
    box 3 7  5 4  1 1 3 -4
     -u^(-1)
    box 3 7  5 4  1 2 2 -4
     -1/2*u^(-1)
    box 3 7  5 4  2 1 2 -4
     -1/2*u^(-1)
    box 3 7  5 3  2 1 2 -3
     -2*(u+t)*u^(-1)
    box 3 7  4 3  1 1 2 -3
     2*u^(-1)
    box 2 5  5 4  2 0 3 -4
     u^(-1)
    box 2 5  5 4  3 0 2 -4
     u^(-1)
    box 2 5  4 3  2 0 2 -3
     -2*u^(-1)
;
  box 3 7  6 4  2 1 3 -4
   1
    box 3 7  5 4  1 1 3 -4
     -2*u^(-1)
    box 3 7  5 4  1 2 2 -4
     -u^(-1)
    box 3 7  5 4  2 1 2 -4
     -u^(-1)
    box 3 7  5 3  1 1 3 -3
     -4*(u+t)*u^(-1)
    box 3 7  4 3  1 1 2 -3
     4*u^(-1)
    box 2 5  5 4  1 0 4 -4
     3*u^(-1)
    box 2 5  5 4  2 0 3 -4
     u^(-1)
    box 2 5  4 3  1 0 3 -3
     -4*u^(-1)
;
  box 3 7  6 4  2 1 3 -4
   1
    box 3 7  6 4  2 2 2 -4
     1/2
    box 3 7  6 4  3 1 2 -4
     1
    box 3 7  6 3  2 1 3 -3
     u
    box 3 7  6 3  2 2 2 -3
     1/2*u+1/2*t
    box 3 7  5 3  1 1 3 -3
     -1
    box 3 7  5 3  1 2 2 -3
     -1/2
    box 3 7  5 3  2 1 2 -3
     -5/2
    box 3 7  4 2  1 1 2 -2
     3/2
;
  box 3 7  6 4  1 3 2 -4
   1
    box 3 7  5 4  1 3 1 -4
     u^(-1)*(-2+dim)
;
  box 3 7  6 4  1 3 2 -4
   1
    box 3 7  5 4  1 2 2 -4
     u^(-1)
    box 3 7  5 4  1 3 1 -4
     2*u^(-1)
    box 3 7  5 4  2 2 1 -4
     u^(-1)
    box 3 7  5 3  1 3 1 -3
     -4*(u+t)*u^(-1)
    box 3 7  4 3  1 2 1 -3
     -4*u^(-1)
;
  box 3 7  6 4  1 3 2 -4
   1
    box 3 7  6 4  1 4 1 -4
     3
    box 3 7  6 4  2 3 1 -4
     1
    box 3 7  6 3  1 3 2 -3
     u
    box 3 7  6 3  1 4 1 -3
     3*u+3*t
    box 3 7  5 3  1 3 1 -3
     -4
;
  box 3 7  6 4  1 2 3 -4
   1
    box 3 7  5 4  1 2 2 -4
     1/2*u^(-1)*(-2+dim)
;
  box 3 7  6 4  1 2 3 -4
   1
    box 3 7  5 4  1 1 3 -4
     u^(-1)
    box 3 7  5 4  1 2 2 -4
     1/2*u^(-1)
    box 3 7  5 4  2 1 2 -4
     1/2*u^(-1)
    box 3 7  5 3  1 2 2 -3
     -2*(u+t)*u^(-1)
    box 3 7  4 3  1 1 2 -3
     -2*u^(-1)
;
  box 3 7  6 4  1 2 3 -4
   1
    box 3 7  6 4  1 3 2 -4
     1
    box 3 7  6 4  2 2 2 -4
     1/2
    box 3 7  6 3  1 2 3 -3
     u
    box 3 7  6 3  1 3 2 -3
     u+t
    box 3 7  5 3  1 2 2 -3
     -2
;
  box 3 7  6 4  1 1 4 -4
   1
    box 3 7  5 3  1 1 3 -3
     -4/3*(u+t)*u^(-1)
    box 2 5  5 4  1 0 4 -4
     u^(-1)
    box 2 5  5 4  2 0 3 -4
     1/3*u^(-1)
    box 2 5  4 3  1 0 3 -3
     -4/3*u^(-1)
;
  box 3 7  6 4  1 1 4 -4
   1
    box 3 7  5 4  1 1 3 -4
     1/3*u^(-1)*(-2+dim)
;
  box 3 7  6 4  1 1 4 -4
   1
    box 3 7  6 4  1 2 3 -4
     1/3
    box 3 7  6 4  2 1 3 -4
     1/3
    box 3 7  6 3  1 1 4 -3
     u
    box 3 7  6 3  1 2 3 -3
     1/3*u+1/3*t
    box 3 7  5 3  1 1 3 -3
     -4/3
;
  box 3 7  6 5  3 1 2 -5
   1
    box 3 7  6 5  3 2 1 -5
     1
    box 3 7  6 5  4 1 1 -5
     3
    box 3 7  6 4  3 1 2 -4
     u
    box 3 7  6 4  3 2 1 -4
     u+t
    box 3 7  5 4  2 1 2 -4
     -1
    box 3 7  5 4  2 2 1 -4
     -1
    box 3 7  5 4  3 1 1 -4
     -7
    box 3 7  4 3  2 1 1 -3
     4
;
  box 3 7  6 5  2 2 2 -5
   1
    box 3 7  6 5  2 3 1 -5
     2
    box 3 7  6 5  3 2 1 -5
     2
    box 3 7  6 4  2 2 2 -4
     u
    box 3 7  6 4  2 3 1 -4
     2*u+2*t
    box 3 7  5 4  1 2 2 -4
     -1
    box 3 7  5 4  1 3 1 -4
     -2
    box 3 7  5 4  2 2 1 -4
     -6
    box 3 7  4 3  1 2 1 -3
     4
;
  box 3 7  6 5  2 1 3 -5
   1
    box 3 7  6 5  2 2 2 -5
     1/2
    box 3 7  6 5  3 1 2 -5
     1
    box 3 7  6 4  2 1 3 -4
     u
    box 3 7  6 4  2 2 2 -4
     1/2*u+1/2*t
    box 3 7  5 4  1 1 3 -4
     -1
    box 3 7  5 4  1 2 2 -4
     -1/2
    box 3 7  5 4  2 1 2 -4
     -3
    box 3 7  4 3  1 1 2 -3
     2
;
  box 3 7  6 5  1 3 2 -5
   1
    box 3 7  6 5  1 4 1 -5
     3
    box 3 7  6 5  2 3 1 -5
     1
    box 3 7  6 4  1 3 2 -4
     u
    box 3 7  6 4  1 4 1 -4
     3*u+3*t
    box 3 7  5 4  1 3 1 -4
     -5
;
  box 3 7  6 5  1 2 3 -5
   1
    box 3 7  6 5  1 3 2 -5
     1
    box 3 7  6 5  2 2 2 -5
     1/2
    box 3 7  6 4  1 2 3 -4
     u
    box 3 7  6 4  1 3 2 -4
     u+t
    box 3 7  5 4  1 2 2 -4
     -5/2
;
  box 3 7  6 5  1 1 4 -5
   1
    box 3 7  6 5  1 2 3 -5
     1/3
    box 3 7  6 5  2 1 3 -5
     1/3
    box 3 7  6 4  1 1 4 -4
     u
    box 3 7  6 4  1 2 3 -4
     1/3*u+1/3*t
    box 3 7  5 4  1 1 3 -4
     -5/3
;
